1 2 4 5 6 7 134 11 12 13 14 15 16 17 18 19 21 22 24 25 26 27 28 29 36 38 40 41 42 45 46 48 51 61 62 65 86 240
0 2 5 6 7 134 11 12 13 14 15 17 18 19 21 22 24 25 26 27 28 38 40 41 45 46 47 48 51 61 62 65 86 240
0 1 4 5 6 7 134 8 11 12 13 14 15 16 17 18 19 20 21 22 23 24 25 26 27 28 29 36 38 39 40 41 42 45 46 48 51 61 62 65 86 240
4 5 6 8 9 10 11 12 13 14 15 16 17 18 143 20 19 142 23 25 26 155 27 29 28 36 37 39 40 41 42 51 195 84 89 98
0 2 3 5 6 8 9 10 11 12 13 14 15 16 17 18 143 20 19 142 23 25 26 27 28 29 155 36 37 39 40 41 42 51 195 84 89 98
0 1 2 3 4 6 7 8 9 10 11 12 13 14 15 16 17 18 19 20 21 22 23 24 25 26 27 28 29 134 36 37 38 39 40 41 42 45 51 61 62 67 86 98
0 1 2 3 4 5 134 7 8 9 10 11 12 13 14 15 16 17 18 19 20 21 22 23 24 25 26 27 28 29 36 37 38 39 40 41 42 45 46 51 61 62 86 98
0 1 2 5 6 134 11 12 13 14 15 17 18 19 21 22 24 25 26 27 28 38 40 41 42 45 46 47 48 51 61 62 65 86 240
2 3 4 5 6 9 10 11 12 13 14 15 16 17 18 143 20 19 142 23 25 26 27 28 29 155 36 37 39 40 41 42 51 195 84 89 98
3 4 5 6 8 10 11 12 13 14 15 16 17 18 143 20 23 26 29 36 37 39 40 41 42 51 195 84 89 98
3 4 5 6 8 9 11 12 13 14 15 16 17 18 19 20 143 23 25 26 27 29 36 37 39 40 41 42 51 195 84 89 98
0 1 2 3 4 5 6 7 8 9 10 134 12 13 14 15 16 17 18 19 20 21 22 23 24 25 26 27 28 29 36 37 38 39 40 41 42 45 51 61 62 67 84 86 98
0 1 2 3 4 5 6 7 8 9 10 11 134 13 14 15 16 17 18 19 20 21 22 23 24 25 26 27 28 29 36 37 38 39 40 41 42 45 51 53 54 61 62 573 67 84 86 98 874
0 1 2 3 4 5 6 7 8 9 10 11 12 134 14 15 16 17 18 19 20 21 22 23 24 25 26 27 28 29 36 37 38 39 40 41 42 45 51 54 61 62 67 84 86 98
0 1 2 3 4 5 6 7 8 9 10 11 12 13 134 15 16 17 18 19 20 21 22 23 24 25 26 27 28 29 36 37 38 39 40 41 42 51 53 54 61 62 67 84 86 98
0 1 2 3 4 5 6 7 8 9 10 11 12 13 14 134 16 17 18 19 20 21 22 23 24 25 26 27 28 29 36 37 38 39 40 41 42 45 51 54 573 195 84 86 98
0 2 3 4 5 6 134 8 9 10 11 12 13 14 15 143 17 18 19 20 142 23 25 26 27 28 29 155 36 37 39 40 41 42 51 195 84 89 98
0 1 2 3 4 5 6 134 8 9 10 11 12 13 14 15 16 143 18 19 20 21 22 23 24 25 26 27 28 29 36 37 7 39 40 41 42 51 53 54 195 84 86 89 98
0 1 2 3 4 5 6 7 8 9 10 11 12 13 14 15 16 17 143 19 20 21 22 23 24 25 26 27 28 29 134 36 37 39 40 41 42 51 195 84 86 98
0 1 2 3 4 5 6 7 134 8 10 11 12 13 14 15 16 17 18 20 21 22 23 24 25 26 27 28 29 36 38 39 40 41 42 45 46 48 51 61 62 67 86 240
2 3 4 5 6 134 8 9 10 11 12 13 14 15 16 17 18 19 143 23 25 26 27 28 29 36 37 39 40 41 42 51 54 195 84 89 98
0 1 2 5 6 7 134 11 12 13 14 15 17 18 19 22 23 24 25 26 27 28 163 36 38 40 41 45 48 51 61 62 66 67 86
0 1 2 5 6 7 134 11 12 13 14 15 17 18 19 21 24 25 26 27 28 163 36 38 40 41 45 47 48 51 54 61 62 66 67 1359 86
2 3 4 5 6 8 9 10 11 12 13 14 15 16 17 18 19 20 143 21 25 26 27 28 29 36 37 39 40 41 42 51 195 84 89 98
0 1 2 5 6 7 134 11 12 13 14 15 17 18 19 21 22 25 26 27 28 36 38 39 40 41 42 45 46 47 48 51 61 62 65 67 86 240 122
0 1 2 3 4 5 6 7 134 8 10 11 12 13 14 15 16 17 18 19 20 21 22 23 24 26 27 28 29 36 38 39 40 41 42 45 46 48 51 61 62 573 66 67 86 240
0 1 2 3 4 5 6 7 8 9 10 11 12 13 14 15 16 17 18 19 20 21 22 23 24 25 27 28 29 36 37 38 39 40 41 42 51 84 86 98
0 1 2 3 4 5 6 7 134 8 10 11 12 13 14 15 16 17 18 19 20 21 22 23 24 25 26 28 29 36 38 39 40 41 42 45 46 48 51 61 62 573 66 67 86 240
0 1 2 3 4 5 6 7 134 8 11 12 13 14 15 16 17 18 19 20 21 22 23 24 25 26 27 29 36 38 39 40 41 42 45 46 48 51 61 62 573 86
0 2 3 4 5 6 8 9 10 11 12 13 14 15 16 17 18 143 20 19 23 25 26 27 28 36 37 39 40 41 42 51 195 84 89 98
32 33 56 74 75 235 108 751 82 85 87 55 88 57 58 31
32 33 56 74 75 108 235 751 85 55 87 88 58 30 95
132 30 31 33 49 50 179 178 180 435 55 56 186 58 205 81 82 87 88 95 101 108 377 123
132 30 31 32 674 49 50 179 180 178 435 55 56 57 186 58 71 205 81 82 85 87 88 95 101 235 108 377 123
64 66 35 229 103 392 776 460 47 48 146 122 61 63
64 34 229 392 460 47 48 146 122 63
0 2 3 4 5 6 134 8 9 10 11 12 13 14 15 16 17 18 19 20 21 22 23 24 25 26 27 28 29 37 39 40 41 42 51 54 67 84 86 98
3 4 5 6 8 9 10 11 12 13 14 15 16 17 18 143 20 23 26 29 36 39 41 42 195 84 89 98
0 1 2 5 6 7 134 11 12 13 14 15 19 21 22 24 25 26 27 28 40 41 45 46 47 48 51 61 62 573 65 86 240 122
2 3 4 5 6 8 9 10 11 12 13 14 15 16 17 18 19 20 143 23 24 25 26 27 28 29 36 37 40 41 42 51 54 195 84 89 98
0 1 2 3 4 5 6 7 8 134 10 11 12 13 14 15 16 17 18 19 20 21 22 23 24 25 26 27 28 29 36 38 39 41 42 45 9 51 54 573 62 61 84 86 98 874
0 1 2 3 4 5 6 134 8 9 10 11 12 13 14 15 16 17 18 19 20 21 143 23 22 25 26 27 28 29 24 36 37 7 39 40 38 42 45 51 195 142 84 86 98
0 2 3 4 5 6 134 8 9 10 11 12 13 14 15 16 17 18 19 20 23 24 25 26 27 28 29 36 37 7 39 40 41 51 54 195 84 86 89 98
454 199 44 654 115 52 887 856 91 92
454 199 43 115 52 856 1365 887 408 91 92
0 1 2 5 6 7 134 11 12 13 15 19 21 22 24 25 27 28 38 40 41 46 47 48 51 61 62 573 65 86 633
0 1 2 134 7 6 19 24 25 27 28 38 45 47 48 61 62 65 86 103 633
1 7 776 146 22 24 34 35 38 45 46 48 61 62 64 65 66 67 460 86 229 103 240 755 122
0 1 2 134 7 19 21 22 24 25 27 28 34 35 38 45 46 47 61 62 65 66 86 229 103 240 1136 122
32 33 131 132 101 1031 521 239 81 50 178 82 149 377 186 123
131 132 1031 521 149 32 33 49 178 179 180 186 81 82 87 101 239 883 377 123
0 1 2 3 4 5 6 134 8 9 10 11 12 13 14 15 16 17 18 19 20 21 22 23 24 25 26 27 28 29 163 36 7 38 39 40 41 42 45 54 61 62 67 84 86 98
199 43 44 115 408 409 92
134 12 14 17 84 54
67 36 134 39 40 42 12 13 14 15 17 51 84 53 20 22
30 31 32 33 435 308 180 56 57 58 70 71 74 75 78 79 85 87 88 90 95 235 377
32 33 58 70 71 74 75 235 95 85 87 55 88 57 90 30 31
30 33 435 55 56 451 70 71 74 75 78 79 85 90 95 354 235 376 377
32 33 75 108 81 82 179 95 55 85 87 88 178 56 123 435 30 31
455 1383 60 220 1140 156 157
455 146 59 157 1406
0 1 2 5 6 7 134 11 12 13 14 19 21 22 24 25 27 28 34 163 38 40 45 46 47 48 51 573 62 65 66 67 581 86 737 229 103 633 122 382
0 1 2 5 6 7 134 11 12 13 14 19 21 22 24 25 27 28 163 38 40 45 46 47 48 51 61 65 66 67 86 1136
64 34 35 66 229 1157 388 392 460 1485 146 220
34 35 66 229 392 332 460 47 1136 146 220 63
0 1 2 38 7 103 45 46 47 48 86 24 61 62
64 34 163 67 229 47 48 21 22 25 27 61 62 63
5 11 12 13 14 19 21 22 24 25 27 163 36 47 51 54 61 62 66 1359 86 240 122
451 69 681 625 83 183 600 215 1179
448 321 449 451 68 355 1019 681 137 78 79 1198 625 83 183 600 215 1179
71 377 74 1033 79 272 55 376 57 56 95
33 674 376 70 272 498 55 56 377 57
451 198 73 74 401 90
643 197 198 72 401 338 90
70 72 75 235 95 85 55 56 57 90 30 31
58 648 74 751 1041 85 55 56 57 90 88 30 31
736 77 303 80 304 151
80 76 151
448 451 69 79 176 308 55 57
448 451 69 70 377 78 308 55 1272 57
835 76 77 334 151
32 33 131 132 101 58 235 49 82 50 178 787 179 88 377 186 123 95
131 132 787 30 32 33 49 178 179 50 180 58 186 81 88 95 101 235 108 370 377 123
448 704 68 69 681 183 600 215 1019 343
3 4 134 8 9 10 11 12 13 14 15 16 17 18 20 23 26 29 36 37 39 40 41 42 51 53 54 195
33 58 74 75 235 751 55 56 57 90 88 30 31
0 1 2 5 134 7 6 11 12 13 14 15 17 18 19 21 22 24 25 26 27 28 36 38 40 41 42 45 46 47 48 51 61 62 65 67 240 122
32 33 56 50 95 55 88 58 123 30 31
30 31 32 33 178 179 180 55 56 58 75 205 81 82 85 87 235 108 123
3 4 37 195 39 8 9 10 42 143 16 17 20 23 155 29
198 648 72 74 75 73 435 85 55 56 57
454 199 43 44 1422 655 116 887 408 409 92
199 43 44 116 52 408 409 91
514 771 162 168 171 172 173 945 588 204 208 216 217 94 99 740 100 248 250 124
259 410 162 168 171 172 173 945 444 318 191 190 457 204 462 208 465 216 217 93 99 100 740 361 622 248 250 124
1033 31 32 33 435 308 180 55 56 57 58 70 74 81 82 87 235 377 123
97 1025 301 560 529 786 402 154 539 1023
1417 1034 528 529 402 786 1170 154 284 285 167 299 301 302 813 184 185 1336 955 570 576 1108 478 96 224 231 749 366 1519 242 118 632 1023
3 4 5 6 8 9 10 11 12 13 142 143 16 17 18 15 20 14 23 26 29 36 37 39 40 41 42 51 195
130 771 162 168 172 173 303 311 190 318 966 204 334 462 208 213 216 93 94 100 740 361 252 757 502 250 124
162 99 740 165 966 164 361 204 173 334 208 530 216 94 347 124 93 318
32 33 131 132 1031 1271 205 239 49 50 81 180 178 787 82 377 186 123
160 229 103 392 460 146
160 65 34 229 102 776 1097 460 46 47 48 146 755 61
516 533 564 570 574 604 105 106 107 620 117 118 119 125 638 126 135 136 139 657 658 147 148 153 670 168 172 177 690 181 182 191 193 194 200 204 206 207 210 221 222 225 227 228 232 234 236 237 238 241 756 246 247 758 761 257 258 269 270 273 274 277 278 283 797 286 289 290 296 299 302 826 316 320 322 323 336 1361 342 345 348 353 355 356 873 383 389 396 909 400 406 407 410 411 926 444 447 450 456 457 970 459 474 475 479 487 492 1007 503 510
1059 553 570 571 585 591 597 602 611 104 106 107 113 114 117 118 119 638 135 136 137 138 139 649 657 658 145 147 668 167 177 690 181 182 183 192 196 200 207 211 212 221 222 227 228 230 231 232 233 234 236 237 241 242 247 763 772 268 269 274 277 278 283 286 290 296 299 301 302 826 316 829 320 345 346 353 869 363 367 1405 383 389 396 402 920 926 416 421 440 441 450 456 459 463 975 478 487 497 1013 503
257 136 141 277 289 290 553 299 302 177 570 826 955 326 456 221 104 105 107 236 619 238 237 756 246 510 383
533 538 552 564 1080 572 585 104 105 106 114 626 117 118 119 634 135 136 137 139 657 658 153 670 675 167 174 177 181 182 200 207 221 222 228 232 233 236 237 238 241 756 246 247 759 257 273 274 277 278 283 289 290 296 299 300 302 826 320 322 323 326 327 1361 850 344 345 348 355 867 383 389 396 412 926 416 450 456 474 492 510
32 33 82 178 180 88 58 30 31
544 641 642 1345 804 779 110 144 306 627 378 987 1119
544 1345 642 1051 264 779 109 847 306 1043 760 987
1064 112 913 882 825 1244
1064 1244 111
898 389 135 138 145 1425 283 829 192 196 463 211 468 480 1126 233 105 497 114
389 135 145 278 283 182 183 192 196 327 1355 211 468 469 345 1126 233 105 107 113
454 43 44 654 52 887 856
868 968 92 91 188 189
256 135 137 535 920 538 283 289 295 299 174 302 177 181 182 826 315 316 314 320 450 200 456 201 591 336 1104 1372 221 223 225 355 867 104 105 107 363 491 238 750 118 246 890 1020
513 533 538 1059 552 566 570 1104 594 602 97 104 105 107 1137 117 119 125 126 135 140 141 656 657 166 167 684 174 177 181 693 200 201 221 223 224 225 738 750 247 256 257 1291 786 277 797 799 289 296 299 300 301 302 826 315 314 316 319 320 322 327 336 341 342 859 355 867 363 890 383 402 920 412 1455 433 955 450 456 458 459 463 979 479 492 497
769 772 135 136 138 139 402 274 277 288 167 680 299 301 302 177 181 440 570 1084 1216 196 459 211 212 602 611 231 104 105 234 107 367 497 242 241 1013 118 504
121 1203 127
120 1203 127
34 67 35 38 47 240 48 86 24 61
132 32 33 49 50 178 180 179 186 58 205 81 82 87 88 95 101 239 377
130 133 530 796 162 165 168 173 439 317 318 193 204 588 334 208 213 216 217 93 94 226 99 100 361 500 252 126
257 258 530 533 406 153 411 168 684 690 695 1208 444 190 191 319 323 712 204 333 336 603 859 861 1248 226 104 361 492 364 622 118 126 639
257 258 130 133 270 530 533 406 1046 152 153 411 293 294 427 684 438 439 444 190 191 319 574 323 326 1606 200 712 204 336 593 594 465 859 861 481 226 104 361 872 492 124 245 118 252 125
120 121
1296 129 493
128 1611 542
133 411 796 1181 293 294 168 427 173 317 958 193 326 204 588 334 335 336 213 226 99 876 500 252 502 126 124 254
132 101 521 239 49 50 81 82 149 178 370 186
32 33 131 101 239 49 82 81 50 178 149 179 150 377 186 123 922
130 258 514 411 293 294 168 1324 173 317 190 191 193 588 335 336 593 217 226 500 252 245 124 126
0 1 2 5 6 7 11 12 13 14 15 16 17 18 19 20 21 22 24 25 27 28 36 38 40 41 42 45 46 48 51 53 54 61 62 84 86 240 1136
256 898 389 390 775 136 137 778 139 268 396 649 138 144 145 402 657 1425 278 663 281 283 926 286 416 288 421 167 426 299 556 177 181 182 183 440 441 697 571 316 829 568 192 196 327 456 200 585 463 1103 211 212 468 472 345 602 221 480 611 355 503 104 105 233 363 107 234 497 114 113 117 118 119 511
1408 389 390 135 137 649 658 403 177 182 183 316 459 215 222 480 231 104 105 1127 107 1129 106 238 372 119 1400 383
389 390 391 136 649 135 139 268 916 177 182 183 571 316 321 69 975 211 212 222 480 355 356 105 107 117 375
417 196 135 105 139 367 463 177 497 113 212 119 571 637
769 389 135 775 649 138 137 396 268 274 277 668 1180 167 299 302 177 181 440 829 196 585 463 207 212 602 222 487 104 105 107 236 497 119 634 637 638
256 513 905 141 402 539 284 174 175 305 315 701 445 721 731 1372 477 1008 118 507
256 640 777 394 140 537 284 412 927 289 551 555 174 175 558 305 315 445 450 1603 322 200 721 479 225 106 1008 246 118 507
417 418 98 195 4 3 8 41 1064 143 16
3 4 8 9 10 142 16 17 18 20 23 155 29 37 39 41 195 89 98
256 196 135 1384 109 145 402 1435 504 281 730 571 255
256 135 144 402 662 278 281 282 283 416 1440 556 182 183 571 572 701 450 196 327 730 221 105 113 114 383
64 34 35 229 102 103 392 460 47 60 63
259 389 1418 1039 1297 274 658 148 407 286 289 181 447 457 459 206 353 611 228 614 104 360 746 105 886 247
257 1027 1162 274 147 658 405 407 153 289 934 935 937 299 172 302 942 177 447 191 194 323 459 206 852 348 349 353 1505 228 104 873 886 247
131 132 49 178 50 370 150 922
132 178 370 149 922 891 892
80 76 77
289 226 323 361 406 438 248 153 1114 214 126 319
257 270 1169 786 148 405 406 152 411 670 289 675 168 299 172 302 181 695 439 444 190 574 319 191 447 323 450 457 462 594 214 602 1114 349 481 226 486 104 361 873 107 364 1005 621 758 247 764 125 126
96 97 961 842 1228 560 1108 1023
3 4 8 143 16 89
59 157
59 156 60
159
881 1605 158
161 581 229 423 102 1097 103 1096 460 1157 815 1136 624 381 382
160 1187 612 263 423 424 569 815 915 633 379 381 382
271 530 534 294 807 168 173 303 311 190 318 966 204 334 462 208 93 94 99 100 740 361 124 500 248 250 252
737 66 67 1136 51 21 22 61 62
208 347 100 165
100 164 208 347 124
224 288 996 167 585 299 302 315 118 635 1311
770 772 135 265 394 139 649 653 402 277 668 1311 288 1059 292 166 1318 299 301 302 563 440 826 315 570 957 1472 196 585 458 589 211 212 727 346 478 223 224 222 97 996 869 230 231 105 362 363 107 369 1266 242 374 119 888 118 635
130 771 258 133 514 270 400 406 153 410 411 162 676 677 807 171 172 173 945 439 311 444 190 447 191 193 194 323 318 457 204 588 462 206 336 465 210 216 217 93 94 349 226 99 104 745 1258 620 252 757 248 250 124 125 638
517 170 464 501 187 541
517 169 464 501 187
259 1380 676 168 457 172 173 462 206 208 1234 1335 216 473 410 93 94 447
257 259 1159 274 148 405 153 168 171 173 942 444 190 191 959 447 323 457 204 206 462 208 465 1234 207 216 474 93 94 481 99 228 1380 104 757
130 258 133 518 162 294 807 168 171 172 945 1340 317 574 318 190 191 447 330 331 588 204 462 208 465 1234 336 216 217 93 94 481 226 99 100 361 244 252 250 251 124
256 513 394 395 140 141 402 535 538 539 284 285 1444 552 300 301 175 1455 305 314 955 315 445 320 450 322 327 591 221 477 225 363 107 750 1008 117 118 1533
256 1193 140 141 174 305 1463 281 507 285
78
389 135 136 137 138 139 268 1425 274 658 148 282 286 289 290 299 302 181 183 571 194 200 456 970 459 717 206 463 207 247 222 353 482 355 228 611 356 104 105 106 107 236 234 626 756 117 118 119 637 638
131 132 149 150 922 32 33 49 50 179 180 58 81 82 88 101 108 239 370 123
32 33 132 205 81 178 82 180 50 88 58 123
32 33 101 235 108 205 239 178 50 82 787 179 55 88 377 123 95
516 389 261 135 139 396 269 657 274 658 147 277 790 407 273 153 283 797 286 926 1183 290 296 302 177 570 444 450 457 459 463 975 210 342 119 602 221 227 228 611 487 104 105 234 107 232 241 497 117 118 247 638
389 390 135 136 137 268 396 653 145 403 278 538 283 1180 426 556 183 440 697 316 829 701 192 450 327 200 456 585 975 591 211 215 472 345 222 480 355 104 105 363 107 238 114 117
389 390 135 136 137 268 145 403 278 662 663 281 425 426 298 1197 177 182 697 571 316 572 192 68 69 973 83 211 468 469 215 222 735 480 355 105 363 625 114 383
97 1282 1025 478 875 1132 813 333 690 1298 1108 918 632 185 570 955 1278
97 1336 936 632 333 1132 1423 302 1489 1108 184 478
32 33 131 132 101 239 49 50 82 81 377 922 123
169 170
1035 116 189 582
582 938 1035 910 116 188
257 258 133 405 153 162 807 168 172 173 941 191 323 204 462 336 216 94 481 226 99 361 492 245 757 249 252 125 126
258 133 148 406 153 411 676 677 168 172 173 1324 444 190 323 204 588 462 336 465 349 94 481 226 1251 1380 104 361 492 251 252 125 126
390 135 268 403 278 283 426 1073 182 183 697 829 327 973 209 211 468 215 345 735 480 1126 105 363 113 114
514 130 133 270 677 294 168 427 434 194 1221 200 588 335 336 225 104 876 620 245 246 124
269 397 909 270 148 406 407 670 289 807 168 177 193 323 200 970 588 336 466 860 479 1505 228 104 619 236 620 238 756 245 246 503 895
3 4 8 9 10 142 143 16 17 15 18 20 23 29 37 39 41 42 84 89 98
135 138 139 144 145 402 403 278 283 417 421 167 1196 440 441 829 211 468 212 345 346 1126 105 234 363 113 114 497 119 511
354 1349 198 73 330 650 208 401 338 337 376
354 197 72 73 401 338 376 90
43 44 655 52 408 409 91 92
257 258 514 135 778 141 894 533 406 278 535 411 416 289 293 294 554 427 300 299 177 434 693 182 697 315 316 702 193 450 194 709 326 327 456 201 711 712 459 975 336 342 247 479 225 226 867 356 355 228 104 105 232 107 876 238 750 1135 626 117 118 246 245 890 763 1020 1405 126
518 293 294 427 300 326 711 200 329 586 336 607 225 232 876 1135 626 245 246 118 117
203 1260
202 1260
130 270 162 168 172 173 439 444 190 191 323 457 588 462 334 335 465 466 213 216 93 94 99 100 104 361 500 757 502 758 248 249 250 124 125 126
32 33 101 235 239 179 180 88 377 123
400 912 658 147 148 289 290 677 168 171 172 177 564 1335 959 447 457 717 207 353 356 104 236 756 247
139 912 273 274 658 290 172 177 564 1335 447 457 206 353 227 104 105 746 107 236 237 241 247
530 162 164 165 171 172 173 1340 318 197 966 330 337 338 216 217 93 94 99 100 361 124
192 482 234 268 210 1234 410 283
104 168 336 209 1234 181 341 410 283
512 898 390 135 137 538 283 926 288 421 167 298 683 556 182 183 440 441 316 829 192 196 585 1103 591 212 468 725 472 345 480 233 105 363 238 113 114 497 1014 119
898 135 391 137 138 139 1161 649 668 288 422 167 683 567 442 443 316 571 1092 196 463 211 468 472 480 230 105 233 497 119 888 635
130 99 361 204 303 304 1585 1169 252 214 124 317
289 1154 361 462 213 439 152 153 252 317
192 1379 68 69 136 970 759 973 83 278 183 182 697 343 383
99 100 168 171 172 173 204 208 124 1234 217 190 93 94
318 133 168 588 173 208 216 124 93 94
1578 219
1136 218 455
64 455 460 493 630 59 63
257 135 269 657 402 145 277 538 412 797 289 296 552 299 300 174 181 826 570 572 1343 320 450 322 327 1361 341 355 104 105 106 107 236 117 118 383
389 390 136 137 139 403 1180 167 295 177 182 183 826 970 853 854 480 104 105 107 363 238 495 374 759
257 394 395 167 302 432 433 563 826 315 458 1354 845 1105 224 230 998 1393 117 118 374
770 1163 395 402 799 288 1314 166 167 301 563 315 1214 589 1239 223 97 230 118
256 141 656 535 537 1307 411 289 930 293 295 1453 174 947 824 316 320 193 1221 711 456 200 201 329 336 593 850 1113 479 375 867 739 613 503 104 238 750 117 246 118 1020 510
130 133 270 406 1046 152 153 411 294 168 427 173 439 444 190 191 574 200 342 361 500 124 125 126
261 262 389 396 400 273 1555 286 181 444 207 463 342 473 474 353 228 104 105 241
1408 516 389 274 147 148 405 278 407 670 286 926 677 172 177 181 826 194 323 450 200 1229 336 592 465 342 474 604 353 227 104 105 107 759 241 626 245 246 247
64 160 34 35 737 581 102 66 776 392 103 460 47 1136 48 146 61 63
773 649 395 529 402 1059 167 301 432 563 315 316 957 715 459 975 722 212 599 223 224 1125 231 105 362 753 242
390 136 529 403 535 288 167 680 298 686 1076 316 445 459 480 97 230 359 105 495 367 369 242 374 119
515 1034 396 657 533 790 926 286 798 675 426 181 444 702 450 453 326 327 200 456 201 463 592 336 344 867 104 233 105 107 365 366 241 626 638
261 389 135 1161 396 790 281 283 926 286 675 422 298 426 443 702 453 463 592 211 212 725 344 997 743 232 105 107 491 365 366 497 113 114 1138 634
353 290 611 196 135 104 105 459 177 209 181 119 602
33 74 205 81 82 787 180 85 55 56 57 88 31 30 95
139 269 670 416 289 290 302 177 1080 194 450 970 717 206 207 221 353 104 105 106 107 237 1007 756 247 383
289 290 450 104 105 106 107 236 269 620 207 619 456 383
136 535 537 295 947 182 316 194 1221 711 200 456 459 336 850 211 343 475 348 222 225 739 1252 104 106 107 117 246 375 510
131 132 101 1031 205 49 50 178 180 186 123 922
0 1 2 67 134 7 38 47 48 19 86 24 25 122 27
515 516 273 790 286 675 181 444 207 336 463 1361 604 227 228 232 105 104 107 365 626 119 638 383
97 230 231 359 105 167 301 302 367 798 657 1265 1013 277 119 602 570 478
244
243 173 318
258 133 518 791 293 294 190 193 194 326 200 201 336 592 228 747 876 626 246 126
257 258 141 1040 791 537 1178 925 926 289 293 426 1581 947 693 697 826 445 193 194 450 326 200 201 336 594 343 225 867 228 104 106 107 747 759 238 245 117 503 766
257 400 657 658 147 148 274 153 797 670 289 290 299 177 181 570 447 322 323 200 457 206 207 1105 228 104 105 107 236 1007 118 761
907 271 534 152 162 168 695 439 204 588 462 334 465 93 94 481 361 249 250 252
385 481 361 907 204 588 465 466 248 190
260 1159 534 162 807 168 173 303 311 447 588 204 462 1493 93 349 94 99 361 248 251 252
191 1159 361 588 173 462 534 250 349 350 447
130 133 271 534 411 162 293 294 807 168 173 303 311 439 317 446 191 190 588 334 335 462 213 214 1493 607 99 361 500 248 1273 250 124 126
944 586 254 287
130 613 326 808 415 586 702 876 1582 943 253 317 958 287
256 671 144 456
513 135 140 141 144 145 402 663 281 284 285 671 416 291 554 174 175 558 305 572 701 445 320 577 327 456 328 461 979 1111 730 476 477 1372 225 117 118 503 504 507 255
258 260 658 274 148 405 533 277 153 537 412 670 414 289 552 299 300 172 302 690 574 319 190 322 323 200 459 594 348 221 223 738 355 356 104 873 106 107 1265 118 247 632 246 125 126 383
257 133 518 1297 405 293 807 168 173 941 444 190 191 574 323 200 330 331 336 594 348 350 481 104 492 245 246 125 126
260 457 171 172 331 147 94
257 250 259
227 389 262 233 1274 273 181 790 473 474 286 991
227 261 286 790
161 1187 612 264 424 488 378 1021 914 371 595 694 696 569 1018 381
417 642 1050 612 263 526 847 110 371 595 696 569 378 1021
1026 1346 1060 773 1285 167 1318 617 266 1099 752 1433 1311
1026 1060 773 1350 1574 265 1098
482 425 268 463 638
390 775 135 137 267 139 283 295 425 426 177 182 183 571 316 829 192 586 463 209 734 735 482 355 105 363 638
416 450 290 194 104 105 236 237 270 620 181 758 503 221
193 226 194 168 104 427 204 269 758 439 438 153 126
162 452 294 807 361 1133 334 462 530 248 252
674 70 71 499 1118
353 227 675 389 261 104 107 299 492 207 241 274 852 181
257 389 1162 139 273 658 147 148 277 1183 553 299 172 302 177 181 447 459 717 207 852 119 353 228 104 105 107 1265 1013 886 247
967 783 276 1300 667 1564 1469
708 1286 275 1145 1564
257 649 139 274 538 668 797 167 296 553 299 301 302 690 181 440 570 320 450 345 602 221 869 104 105 106 107 492 363 495 242 118 119 634 635
135 396 145 281 283 416 1073 182 183 1080 697 440 192 450 196 709 327 200 585 979 341 342 215 344 345 228 104 105 107 363 114 383
280 706
706 367 570 279
256 135 778 144 145 278 282 926 416 291 426 175 183 445 709 327 343 344 1370 1246 997 233 365 366 383
456 1193 145 177 626 1619 343 281 1370 383
389 135 396 268 145 278 926 286 421 425 426 181 182 441 702 192 196 453 327 463 209 210 211 342 344 345 735 482 104 233 105 491 107 363 113 114 497 117 638
256 640 513 899 777 905 140 141 528 529 1170 1045 1303 285 927 928 289 550 558 174 305 955 456 1488 1369 97 1011 507 893
256 640 513 773 905 1034 778 528 529 402 661 284 416 679 302 174 944 305 558 175 568 1209 955 445 576 577 965 456 841 842 461 977 730 476 478 97 507
516 261 262 389 135 396 147 1555 407 283 290 421 177 181 970 463 473 474 353 227 228 487 104 105 233 232 365 241 626 1013 1405
586 253 317 254 415
512 773 135 1415 649 778 524 653 402 538 166 167 298 556 562 309 440 1472 461 211 212 472 601 224 231 366 369 888 119 504
257 397 141 658 786 148 147 152 153 537 412 284 798 670 290 293 299 300 302 177 439 570 574 447 320 322 194 323 200 456 459 717 206 594 214 348 733 221 479 225 738 739 356 355 486 995 104 503 106 619 236 107 237 875 749 117 118 247 632 246 761 510
269 658 286 289 553 428 177 181 570 456 717 206 207 247 353 995 104 105 234 107 236 237 106 746 503 761
256 775 653 663 281 668 1182 292 568 441 698 445 325 327 476 864 869 363 750
513 291 772 869 440 167 750 568 668
258 130 133 777 917 411 798 289 294 317 446 710 326 200 201 336 593 350 607 606 225 479 747 245 246 1015 632 252 126
130 133 271 917 406 1304 415 162 293 807 427 173 317 318 574 193 326 200 201 336 350 607 226 613 619 876 620 1133 245 1273 252 126
320 225 739 510 363 268 238 1102 656 850 947 117 375 475 316 222
450 104 105 797 107 299 277 118 181 602 859 826 221
298 939
288 480 701 328 297 778 683 556 233 231 369 211 468 725 662 183 316 445
257 772 135 139 273 274 658 402 277 148 153 797 670 289 675 166 167 296 935 552 300 301 302 177 319 450 323 1095 200 714 602 247 221 97 104 105 106 107 117 118 119
257 412 289 675 552 808 299 684 174 943 450 326 200 201 594 859 221 107 750 366 118 632 894
394 395 402 786 277 668 798 167 299 813 302 174 816 433 440 570 955 315 591 1237 478 96 97 224 230 105 750 242 118 119
384 769 513 257 640 775 139 909 397 529 786 402 404 277 274 148 153 285 798 416 289 166 167 935 552 553 299 301 813 177 433 690 181 185 570 315 319 1088 1601 322 323 450 459 593 602 603 733 478 223 990 97 739 611 486 104 105 106 107 364 236 242 117 118 119 764 510
162 99 361 76 334 304 213 534 311 250 252
76 303 213 534 311
256 513 519 905 777 140 141 1170 795 284 285 679 809 174 558 175 445 328 841 461 978 1243 476 1128 1009
642 109 110 307 310
306
451 78 79 55 95
288 562 1091 310
306 1339 309
162 99 168 334 303 335 945 304 250 252
313 1449
578 1610 312 380 605
513 394 395 908 797 174 432 433 693 826 315 445 322 841 845 476 997 749 117 118 1530
773 778 395 394 140 141 908 529 402 918 535 930 166 167 556 301 302 174 432 433 563 693 314 826 316 957 445 955 570 322 200 975 601 476 477 478 223 224 230 1256 1135 117 118 632 507
390 135 136 137 391 268 535 920 926 930 295 426 298 556 563 182 183 824 571 315 456 200 975 1104 211 212 986 475 735 225 355 611 230 231 104 105 363 238 117 118 375
130 514 133 1294 411 287 293 294 427 173 943 958 326 586 213 214 607 1251 876 252 124 254
162 99 100 294 807 168 173 208 244 217 124 94
384 257 1169 786 406 152 153 552 299 813 302 695 1088 450 323 1095 481 364 492 118 125 126
256 656 786 402 277 538 289 295 174 955 322 450 1221 327 712 456 341 1243 221 733 479 225 867 104 105 107 363 117 118
137 355 69 1198
257 908 397 141 786 1045 918 412 797 670 413 414 289 302 174 558 314 315 826 320 323 845 1113 247 221 733 738 104 107 118 503 632 758
384 257 258 397 148 405 406 152 153 797 670 289 168 299 172 302 190 191 319 447 194 450 322 204 466 1248 228 104 873 107 757 247 125 126
1356 325
291 324
130 531 533 1307 675 293 294 552 808 427 300 943 1083 955 317 702 450 709 453 327 200 201 586 592 594 344 603 607 126 1123 232 106 107 876 492 626 245 246 1146 254
256 135 145 657 533 278 281 538 283 416 291 1191 552 426 174 182 440 572 701 702 320 192 450 453 326 709 200 712 456 972 341 344 345 221 232 107 366 114 118 890
256 897 1409 644 519 778 666 794 795 678 679 809 554 298 1193 555 944 305 823 698 701 445 329 971 1111 986 870 636
897 225 328 777 426 201 456 555 343 1020
258 197 331 173 208 594 376
258 259 330 173 594
64 1136 392
1312 935 936 907 1132 621 813 1207 184 185 125
162 99 100 740 130 361 204 462 303 80 271 1584 500 252 502 311 248 124
193 130 133 204 588 465 466 500 502 311 252
258 515 516 133 518 130 638 400 1297 894 1430 406 410 411 677 293 294 168 427 173 1079 444 574 191 190 193 194 200 201 588 592 210 474 992 225 1251 228 867 104 232 492 238 241 626 245 246 118 117 763 125 126
1349 197 208 401 338
643 197 198 1349 73 208 337 401
340 1100
674 1031 521 883 339 575
320 450 344 453 327 210 979 118 342 1080 278 221
450 226 228 227 104 200 396 592 497 341 278 181 118 473 406 283 638
704 897 281 1351 1288 329 426 555 1197 238 83 246 215 537 282 445 766
450 515 453 326 327 232 709 426 233 107 365 979 697 341 278 281 283
512 135 396 277 278 538 283 182 440 697 192 196 327 1355 1361 211 601 346 104 105 107 363 114
480 196 167 105 1129 396 653 852 1302 345 635
100 164 165
257 258 289 739 1027 104 574 107 238 594 148 405 510 447
191 452 936 168 798 816 593 148 821 822 695 536 153 250 251 444 350 447
258 452 293 294 741 1159 606 747 1324 429 798 821 536 537 251 349 574 607
352 532 759
1194 532 351
389 273 274 147 148 407 286 290 177 959 970 206 207 852 227 228 359 360 104 234 105 236 372
197 198 393 650 748 376 57
257 135 137 268 657 289 426 177 182 183 316 321 69 200 221 356 104 107 625 117 118
289 257 355 200 137 104 717 206 177 571
1534 358
540 357
353 934 231 360 242 852
353 934 359 614 844 147 372 852
271 530 534 152 153 162 807 173 303 695 190 191 966 204 462 334 208 213 214 1114 94 481 610 99 226 100 124 757 248 249 250 251 252 125 126
832 230 167 778 524 589 369 727 888
390 135 268 403 277 278 663 538 283 1180 926 416 291 167 295 556 174 182 183 316 445 192 320 450 196 585 1104 211 472 345 222 105 117 1014 503 118
813 302 593 757 695 664 153 411 125 1016 319
453 232 233 778 441 396 653 366 463 241 626 697 1270 344 281 604 286
288 97 327 232 233 778 300 365 653 402 440 281 955 476 478
280 231 680 105 138 242 402 119 504 602
369 1149 725 526
832 833 288 231 167 362 298 524 1167 368 432 725 374 727 445
131 178 82 149 150 1501
263 264 780 696 381
480 353 360 136 1039 373
848 372 614 863
869 478 167 231 1318 715 653 495 432 369 752 563 375 826 222 223
225 770 930 739 295 137 940 653 238 495 750 1074 563 374 535 475 316 509
1344 449 354 197 198 70 71 1257 330 650 855 57
132 1033 32 33 674 49 50 180 55 57 186 70 71 205 79 81 82 95 101 1271 123
1187 612 1188 902 263 488 264 424 780 557 1070 109 817 595 627 379
161 612 488 557 884 378
313 578 1147 1429
160 161 768 1187 388 581 742 263 488 815 595 1236 371 1367 382
160 161 388 1188 742 581 424 1235 61 630 381
257 136 145 403 662 278 281 282 412 1463 183 826 572 1343 450 215 221 104 105 106 107 236 237 241 118 759
385 323 813 302 1007 1454 1084 319
384 610 813 249 733
387
386 486 875 528 1332 1174 762 1245
581 1157 460 630 381 382 63
261 135 136 137 139 273 274 147 283 286 177 181 182 183 459 463 975 474 222 480 353 227 228 104 105 233 107 113 114 626 638
391 135 137 136 268 526 403 916 663 919 926 426 1197 182 183 316 445 192 972 211 468 853 854 725 222 735 480 231 363
480 933 390 137 526 1070 403 916 468 212 316
64 34 35 229 102 332 146 63
354
770 678 679 167 395 301 174 141 750 507 314 315 894 223
224 770 644 773 230 394 1099 301 750 174 432 529 560 563 721 314 315 223
516 135 139 1299 278 283 286 181 182 697 585 342 473 345 474 346 227 487 104 105 233 107 232 365
800 289 322 323 194 550 587 428 909 813 1453 1228 302 786 1045 758 733 479
399
744 1094 1157 398
227 677 168 104 206 336 564 247 473 410 444
197 198 72 73 337 338
256 513 772 773 135 649 140 144 145 786 285 416 288 1059 167 299 301 302 174 686 440 570 315 955 1343 320 705 196 979 601 602 1499 477 221 96 97 224 230 105 366 367 1139 118 119 504
1028 390 1030 391 136 526 662 556 182 183 572 445 192 196 1355 847 853 222 480 231 363 1389 1014 383
769 302 529 1489 664 478 1503
1248 257 258 323 228 873 172 845 594 148 348 153 190 574
1538 407 152 153 411 294 168 319 191 450 323 194 200 712 336 465 466 593 342 226 104 619 125 126
353 194 228 901 900 104 1135 465 466 147 148 181 406 286
199 44 52 409 91 92
199 467 52 408 91 92
168 745 457 171 104 336 209 210 400 94
130 514 133 907 533 406 153 1181 798 293 168 943 317 191 712 200 586 588 336 593 225 226 104 492 364 1016 252 125 126
289 322 257 107 300 141 658 693 118 826 221 670 383
322 414 495
257 322 873 495 699 413
294 958 254 287
256 513 775 135 269 909 145 402 278 281 285 302 568 441 697 450 327 200 979 860 105 107 236 363 503
418 196 264 138 142
417 142
420
419 647
196 135 487 105 211 283 286
233 1161 212 463
424 161 915 160
161 1187 612 423 488 263 1096 815 914 915 694 569 378 382
426 267 268 183 728 283 735
390 135 268 1040 657 281 283 925 926 425 182 183 823 697 316 702 192 453 709 327 329 972 343 600 344 735 355 232 233 246
193 514 226 516 130 294 326 200 201 876 620 270 336 531 317 126
290 486 813 397 758 1113 733
1027 446 741 1159 747 1324 537 1205 1078 1079 985 350
431
1474 430
230 679 1256 395 845 720 433 369 563 1012 693 374 314 315 1212 223
930 997 314 301 302 432 594 118 826 315 223
200 193 677
32 929 33 90 55 57 58 1468 95
437
1195 436
152 126 270 439
289 226 168 204 270 1231 252 758 438 248 153 214 124 126
512 772 135 778 139 653 909 402 277 278 663 538 288 292 167 301 182 441 1339 450 196 1095 327 591 211 345 105 366 1139 119 504
416 291 196 775 135 105 365 211 663 440 283
443 212
1210 233 1325 212 634 442 635 668
258 515 516 400 153 675 677 168 172 181 191 447 204 336 592 473 474 349 94 226 227 104 232 622 241 125 126
256 1028 390 1288 778 140 141 403 662 663 535 281 285 926 925 291 1193 298 556 174 305 1074 693 1209 314 826 572 698 315 450 328 458 975 853 343 503 997 231 363 369 246 759 1149
930 293 777 747 429 1326 593 695 632 252 607
1159 274 147 148 153 798 289 168 171 172 173 942 1335 444 323 457 588 206 207 348 349 104 745 247 250 251
449 69 78 79 83
448 69 518 1274 728 625 376 474
269 141 909 145 277 406 278 153 670 416 296 552 299 300 174 302 181 182 440 955 445 319 320 323 453 326 327 200 712 714 1095 341 342 344 221 228 104 105 232 107 236 363 237 117 118 246 383
68 69 72 78 79 308 57
536 349 350 271
450 867 709 326 327 232 233 808 491 426 365 1040 538 341 344 890 283 702
43 44 654 115 887 856 91
460 60 219 1367 59 220
256 897 135 778 1424 919 282 284 285 289 290 177 182 571 316 572 955 1343 320 327 200 329 591 850 979 225 232 105 106 107 104 237 238 117 118 503 1404 510 255
259 104 168 171 172 588 206 462 207 465 204 147 181 247 153 410 94 447
167 445 118 223
257 389 136 528 658 147 148 274 920 537 289 551 553 302 177 181 570 200 975 611 230 231 104 105 234 238 1013 118 119
64 160 34 35 388 581 102 103 455 229 47 1136 146 220 63
256 529 919 538 794 285 288 679 686 305 562 1077 701 1472 577 978 476 1504 629 760
771 1159 271 534 153 162 168 171 172 173 190 191 1087 457 204 588 334 465 214 94 610 99 740 361 757 502 248 250 251 252
389 135 1161 138 139 267 268 790 283 286 675 422 177 181 702 592 212 473 227 487 232 233 105 365 497 241 113 118 638
169 170
481 228 168 457 172 204 588 335 173 462 466 406 407 248 249 126 94 191
194 323 901 204 588 335 1615 465 406 407 758 249 670
409
480 192 512 196 390 135 391 298 526 113 114 211 212 469 183 829 511
683 1070 114 468 183 571
471
470
288 135 585 363 556 211 212 182
227 516 261 676 487 1190 171 396 463 592 400 342 474 444 638 286
515 516 261 389 518 396 286 172 444 449 592 336 473 227 228 104 107 1274 638
608 1510 295 104 492 734 238 653 941 563 851 852 854 375 985 316 926
256 513 770 778 653 527 661 663 538 539 285 291 679 1191 686 305 562 314 1339 315 701 841 461 477 1389 366 1009 760 1017
256 513 1445 905 140 174 527 1009 402 315 1586 661 476 732
653 529 404 285 167 301 302 563 565 184 185 315 1088 727 603 97 105 366 242 1138 374 632 634
320 289 225 738 194 293 200 104 906 588 397 141 886 118 632 1113 798
389 390 391 136 137 135 526 403 672 298 182 183 829 192 211 468 212 725 346 222 231 1129 113 372
258 249 319 1480 361 873 172 941 173 492 465 695 248 153 190 126 191
483 775 970 267 268 209 177 854 283 638
970 482
485 606
484 565 599
289 387 1573 936 428 813 302 153
421 104 105 139 396 463 1013 181 473 286
1504 612 1156 742 263 424 780 627 378 379 381
1081 490 575 767
489 1100 767
1251 453 233 492 702 750 1040 117 538 283 638
258 656 273 277 411 1181 552 941 687 190 191 319 326 336 475 603 481 867 104 491 107 118 125 126
128 581 494 630 220
874 493 846
535 231 733 496 222 563 277 374 375 1175 413 414
792 875 739 495
898 196 135 233 138 139 105 463 113 211 212 181 118 119 342 634 283
785 650 499 71
272 785 498
130 162 226 133 204 334 335 945 252 124 958
517 1513 169 170 541
610 130 99 204 462 334 335 796 1309
256 135 269 909 657 416 289 290 445 322 194 1221 456 1354 853 225 104 105 363 246
288 1120 1184 256 772 367 591 144 402 1339 119 440 571
506 707
505
256 1122 1123 773 679 1511 777 394 140 141 558 175 721 632 315 284 285
729 964 509
777 1004 940 947 1276 375 729 508
289 225 739 295 104 456 106 875 107 909 238 302 715 1332 348
512 672 196 135 1161 468
288 869 683 653 211 468 440 345 511
256 416 292 476 1512 140 314 174 302 305 402 786 118 285 539 284 477
193 133 200 317 168 427 588 876 411 93
444 516 518 232 336 241 592 344 474 603 604
515 228 104 427 396 336 241 626 894 181 473 474 444 286
169 170 501
992 449 258 515 677 201 173 336 917 245 474
328 1193 809 305 666
521 1500 1081
131 520 879 911 49 50 340
523
522
288 362 1419 1066 525 369 628
524
480 390 391 264 368 403 468 725
477 1253 905 661 476 1053
640 387 1417 1034 529 537 284 285 798 550 551 553 459 97 749 1012 1404 893 1535
640 773 777 395 528 404 535 284 285 679 685 686 302 560 563 566 315 576 461 977 1372 478 96 97 1122 230 231 1002 1003 1269 893
162 100 966 361 271 208 124 125 126
1536 930 547 326 427 1294 594 1587
352 1440 1194 759 351
257 326 327 104 552 200 107 638 232 657 118 411 125 126
162 740 361 621 462 303 304 622 695 248 250 251 252
529 538 930 685 174 693 315 316 445 200 591 1231 1103 225 231 238 495 117 375
452 574 622 821 822 349 350
289 225 257 551 459 717 429 1135 528 238 141 246 343 985 350
653 277 535 539 288 1444 1191 552 174 182 440 701 320 453 327 461 591 1103 1104 211 345 476 221 491 107 363 117 118
96 513 965 552 1512 140 174 538 476
541 358
169 540 501 1150
1296 129 846 543
542
641 642 804 972 109 110 1360 595 1119
546
1024 545 1549 1198
531
549
561 548
528 284 397
553 459 141 528 1012 537 1245
257 533 538 539 675 299 300 174 302 319 450 326 327 594 221 867 107 492 118
290 551 105 106 459 302 528 690 274 277 568 570
256 678 200 328 555 1357 693 1111 666
897 328 329 554 141 343 1242 766
288 897 135 778 298 363 975 145 211 403 1149 182 472 986 315 316 445
1072 378 379
256 322 1319 141 305 1011 1111 632 507 284 285 927
560 1026 1099 1167
96 1026 679 1098 395 1099 1194 559 977 529 154 1375
549 950
288 679 461 309 760 1017 476 1213
770 395 653 529 167 432 1333 315 316 1099 722 852 475 478 223 224 230 1132 750 495 374 375 635
104 107 206 207 400 658 756 1335
930 1317 485 906 1137 566 792 603 478
1003 1137 529 565 118
212
416 291 292 869 135 553 285
161 612 263 264 424 694 633 1117
402 277 280 797 289 290 167 553 301 302 690 181 184 826 955 1084 957 315 459 1105 119 601 221 97 104 105 746 106 619 749 1007 242 118 247 761
897 135 137 138 268 144 145 1425 683 177 183 316 572 456 973 212 469 356 105 504 637
256 327 456 663 107 1243 145 850 403 662 183 571 445 221 383
737 38 40 874 12 45 15 25 27 28 61
257 258 405 1304 153 536 670 289 294 807 173 821 695 1083 845 336 594 348 350 226 104 621 1135 126
489 340
577 285 97 529
576 256 905 461 285
313 380 605
1144 1186 580 1399
1283 579 618 687 1399
160 388 229 1156 460 493 61 381 382
188 189
584
1257 615 614 583
166 135 775 105 167 363 139 107 396 211 278 182 472
326 201 268 876 1040 253 411 317 254 287
758 397 1238 1087
130 514 133 411 677 168 173 447 191 193 194 457 204 462 335 336 465 466 1493 217 93 479 124 248 249 250 251 252
224 167 362 590 1014 668
589 1014 847
739 504 105 456 301 174 211 117 182 535 440 920 538
675 228 515 326 232 233 702 463 336 626 245 342 473 474 444 638
133 777 406 411 798 1566 293 936 302 816 1459 1332 446 710 711 712 349 606 225 867 364 1016 126
257 258 531 405 153 1568 289 552 300 941 433 574 326 1480 330 331 603 859 348 873 118 246 126
544 642 804 742 263 264 974 1070 596 378 381
595 1156
1073 598 105
672 673 597 680
485 230 1332 792 669
68 69 426 625 83 1075
288 843 402 345 570 315
775 296 105 234 299 139 135 302 367 402 786 242 181 118 119 277 153
515 478 326 743 492 302 687 594 565 125 859 1181 990
515 228 104 365 241
313 578
350 484 293 710 743 777 1326 593 690 1108 1205 1174 1175 798
350 293 294 326 201 943 252 317 446
609 475 653 1575
608
385 361 462 502 956 1087
135 105 234 459 302 177 147 181 119 763 316
161 1188 742 263 424 488 264 817 633 569 378 379
294 225 254
615 584 360 1039 976 147 373 950
584 1470 614
617
1060 616 265 1428 1529 1277
1154 580
289 194 294 106 620 237 406 570
193 194 677 294 104 168 619 427 269 237 1405
807 333 622 1561 821 534 153 574
621 1202 534 536 444 125 94
624 737 1235 703
160 737 703 623
449 355 68 69 1446 183 600
516 389 282 286 675 677 177 709 326 200 201 336 592 228 232 107 365 241 245 1270 638
488 378 109
810 524 1284
1444 971 1259 461 1112
768 388 493 1235 1367 220 382
632
257 906 1556 798 289 293 300 558 184 185 955 315 446 322 478 479 97 738 1388 631 507
161 612 45 46 817 61 569 1117
743 635 233 139 107 497 277 443 478
166 167 649 1325 346 563 212 277 634 443 668
328 841 666 870
177 138 139 571
389 139 268 267 533 283 1190 168 177 181 463 592 336 342 473 474 482 104 232 105 491 241 626
125
141 302 1168 528 529 1245 1209 284 285 798
544 642 1030 109 974 987
544 641 1345 264 779 109 110 306 595 1491 987 1119
73 338 1593
328 1065 778 395 760 1104 919 885 727 698 986 1275
1358 1363 646 1295
645 1295
420
90 75
288 1093 230 135 167 137 105 139 136 402 916 212 277 635
376 354 498 197
652
960 1506 651 749 1342
512 770 778 663 538 288 291 167 563 182 440 843 346 475 476 478 608 365 366 374 375 894
454 43 1390 115 887 856
91 199
320 225 295 492 118 1374
135 533 670 926 426 181 826 327 1361 247 221 355 104 105 232 107 242 118 503
257 136 274 147 148 412 289 290 299 177 564 181 459 206 207 1105 733 738 104 105 746 107 247 761
660 1414
736 659 1414
774 905 1006 527 989 285 476 477
298 145 403 1308 183 927 1242 572 445 383
256 291 390 135 778 363 1354 653 1389 183 440 441 476 445 572
665 364 729 404
664
328 554 636 519
708 1521 946 275 1300
291 292 167 105 139 301 750 589 212 277 443 635
599
257 657 153 412 289 299 1466 826 574 450 323 194 322 466 228 104 107 236 749 759 247
256 255
480 673 1442 598 511
672 1184 780 1196 847 1457 884 598
33 71 272 340 377 1118
326 552 233 232 107 300 299 463 592 241 273 626 153 444
1380 677 168 171 942 945 473 191
193 676 228 518 168 588 620 206 336 400 434 626 444 191
679 328 554 394 919 986
770 773 394 529 1170 285 678 1318 809 560 432 305 562 328 841 461 977 476 1375 1382 760 507
231 367 598 119 1437
83 68 69
794 683
512 682 298 211 212 469 725 1531 921 794 571
126 300 125 118
529 686 535
231 778 461 685 529 402 476
580 840 492 603 861
689
688 977
257 1059 104 553 105 302 1333 277 184 570 125 606
978 692
691
200 554 778 432 246 535 118 412 314 315 1212 445
263 424 815 569 1018
481 446 1114 936 361 364 941 125 534 248 153 762 764 349 574 319
264 371 263
192 416 344 135 1178 200 778 759 396 365 426 278 182 246 345 215 183
770 291 644 837 1382 328 809 986 445
700 414
1416 699
256 1537 327 328 1191 298 778 140 972 461 145 538 182 890 476 1246
453 709 327 232 233 326 491 200 426 463 592 890 283 254
624 623
83 1070 343
402
280 279
1507 708 1255 505 889
993 707 963 946 1171 980 276 1495 984 667 828
453 326 327 200 1063 426 626 278 344 281 1370 1083 702
593 293 606 711
225 710 871 200 201 238 750 593 894
320 450 867 327 200 593 411 406 1498 955 125 126
1169 714
713 450 299
374 957 230 510
717 1054
289 290 356 716 236 206 177 274 537 959
889 719
827 1077 718 727
432 1571 871
395 940 141 140 947 1173 507 1342
770 563 230
724
723 886
480 390 233 298 683 1197 526 368 369 211
727
1409 1058 644 167 1065 362 719 369 726 478
449 425 734
840 664 508 509
256 1343 144 145 285 1119
1438 905 140 1101 1004 1010 732 830
1347 1597 1101 1268 731 477 830
320 289 322 738 385 1159 873 428 397 302 495 658 786 1113
728 475 268 735
192 390 425 426 268 734 183 283 316 1565 926
660 76
163 573 229 776 623 624 61
257 322 739 289 658 118 632 733 479
289 738 225 295 906 875 302 238 496 591 947 990 375 348 510
162 99 100 334 462 534 93 94
992 747 429 350
612 488 974 1235 595 381 382
1061 233 606 747 1484 634 603 990
399
168 410 447
290 207 658 147 570
446 741 293 743 429 1326 245 246 1079 350
354
97 1506 289 1228 845 652 1519 528 314 570 893 670
394 395 1040 668 1181 291 292 808 300 301 174 563 711 200 225 1123 491 117 118 375 1020 894
75 85 30 31
773 1318 265 374 951 1433
754 1028 814 230
753
820 47 103
194 104 106 107 236 206 177 564
323 99 168 361 364 204 462 172 758 190
322 104 873 587 428 269 270 1007 397 204 466 909 757 439 153 797 1087
228 351 970 107 670 532 246 215 697 826 445 222 383
834 994 644 679 461 110 562 1112 794 795 476
289 290 995 104 658 247 570
875 1175 387 695
611 871 200 105 336
153 302 695
766
1185 555 246 343 765
1344 489 490 1272 1470
1235 1236 630 1367 381
139 404 302 119
224 930 679 167 394 395 653 722 563 375 698 827 476
168 99 93 462
292 440 167 105 299 402 119 504 927
288 230 774 679 265 266 395 1101 752 315 402 529 507 285 830
773 661
416 482 291 135 585 139 268 302 979 1334 1080 441 602
737 34 229 103 47
899 446 293 329 1420 141 529 593 1011 305 507 284 509 606 927
644 135 653 663 1431 281 285 288 1193 298 556 686 693 440 697 315 701 445 328 200 456 971 1103 476 1246 1252 362 365 366 1149
642 780 109 110 847 884
673 488 1320 779 847 371 884 378
782
781
784 1337 275 1151
783
498 499 1118 855
513 397 1169 402 153 289 813 302 301 1208 955 319 320 322 602 733 96 97 867 1516 118
101 235 81 82 180
1147 789 1262
788
1089 261 262 232 233 463 241 181 957 1183
1540 876 245 246
1285 1002 875 496 565 599 793
792 1285 1591
1504 1537 328 682 683 461 823 760 795
1504 328 305 978 760 794 1598
130 124 502
322 323 104 296 299 314 277 181 758 118 570 247 826 221
640 907 528 411 289 293 301 302 943 816 1453 447 593 1113 349 606 350 479 232 242 1013 632
224 118
801 1029 397
800 1358 1479
803
802
544 595 972 109
1421 806
868 805
162 258 194 294 574 168 361 173 190 271 621 917 250 252 318
1123 453 326 300 750 943 1368 1241 890 254
1287 328 841 679 842 519 305 698
1284 1230 848 628 986
812
811 1444 1102
384 385 97 319 486 428 397 302 301 364 333 786 184 955 1055
753 1433
160 161 424 694 381
593 301 349 798
633 378 612 1188
819
818
1090 755
1159 936 574 621 822 536 349 350
536 1089 349 821
328 426 794 1313
225 930 316
111
1028 657 412 797 670 926 167 296 433 570 314 315 445 322 221 222 223 228 104 105 106 107 759 1007 117 118 246 374 383
770 719 885 889 1306 828
708 980 1462 889 827
192 480 898 196 135 105 139 268 113 1425 211 468 182
773 1321 1567 1263 1010 731 732 1438 831
830
833 362 369
832 369 1252 1613
760 1253 1149 1053
80 836
835
698
1122 839
838
1368 729 687
636 930 1122 679 809 842 925 944 305 314 476 285
1122 841 809 154 285 1023
601 653
360 845
322 1387 844 749 432 1265 405 314 574 223
542 494
673 264 779 780 110 590 403
849 810 1252 373
848 1607
225 867 1221 295 456 107 238 1424 1104 919 1049 572
908 941 852 1082 475
353 1082 996 359 360 1132 273 274 851 148 563 950 346 475
390 970 403 854 503 445 222
482 390 853 475 222
376 785 1118
454 43 44 654 115
858
857
296 300 594 118 603 125 126
416 194 909
1558 125 126 687
863
373 862
291
866
865
320 225 453 712 200 232 552 492 107 336 593 786 850 117 118 246
116 806 1532
512 291 292 167 105 277 374 568
328 636
711 872 906 720 763
126 871
257 481 323 104 1231 594 148 405 758 153 733 414
40 12 573 494
289 930 739 387 1314 510 906 496 1109 792 762 1371 184
193 130 514 294 326 200 201 586 427 245 791 317 254
1385 878 1247
952 877 1247
521 911
881
880 159
1064 1446 111
50 340
673 779 780 914 379
889 827 644 1065
274 147 724 148 479
454 43 44 654 1390 1422 115 91
288 1158 167 362 212
707 1482 718 980 885 1210 827 828
453 327 808 200 1104 117 118 1020 701 702
896 1106 892 150
922 891 150
528 529 284 749
516 711 200 394 300 653 750 336
194 1381
891
328 329 456 555 556 343 571 1020
135 497 113 211 212 829
777 1122 284
901 407
466 900 1055 407
378 1366
904
1197 903
477 577 1447 140 527 305 1331 661 285 731 284 989
930 739 871 875 908 565 632 479
333 248 249 411 798
322 906 1362 851 918 1174 314 315
416 450 194 1095 104 397 302 758 503 440 860 510
1261 938 189
521 879
206 207
111
263 424 1386 915 884
161 1155 423 424 1096 914
137 649 390 391
294 293 518 807
322 908 1298 184 1113 315
644 1221 678 390 456 461 1103 850
105 459 591 117 118 921 316 926
920 683
132 239 178 149 150 186 892
924
923
841 426 445 246
390 135 657 920 281 283 426 181 826 316 445 211 475 735 228 232 105 233 363 104 107 246
1120 772 777 141 558 662 1111 284
284
435
770 906 1294 1040 531 535 1317 433 565 824 315 316 446 841 1233 1376 225 1122 1123 875 375
932
1579 931
1071 391
359 360 935 148 1079
934 299 333 302 1554 148 1079
486 333 593 1332 821 695 185 349
148
1441 1157 969 1130 1261 910 189
297
721 509 1478 375
481 258 492 594 851 947 695 475 190
148 172 676 447
326 808 1034 300 798 944 1144 411 317 254 607
1122 1062 328 841 1034 943 1368 285 253
676 168 173 958 500 311 93 94
667 708
225 739 1477 295 941 238 721 246 509 1215
1583 949 1495
948 1543 1143
561 852 614 1039
752
878
1401 954 1285
953
1034 786 402 284 285 1572 813 174 301 184 570 315 320 450 326 712 456 97 106 366 118 632 1022 1023
610
230 167 715 790 570 315
130 945 500 317 254 415
353 172 717 206 1198
961 652
960 154 1267 1391
963
962 708
508 1255
1120 539 285
162 99 100 361 208 530
275 1460
969 116 1301
968 938 1365 1494
353 482 483 194 104 759 236 177 853 215 222 286
328 778 1259 629
544 804 390 327 1063 426 1197 701
192 1379 183 215 571
641 595 742
389 230 200 105 137 459 556 181 182 315 316 445
1204 614
1318 679 560 689 529 1269 285
795 305 691 461
416 256 775 456 402 341 278 118 344 1343
889 708 828
982
981
984 1520 1171 1583
1280 708 983
537 1027 429 475
644 678 328 810 556 1020 698 316 1565
641 642 109 110 1614 989 1119
989
994 905 661 987 988
603 739 302 743
992 261
741 518 1039 336 1297 991
708
760 989
289 290 761
852 1310 166 167
233 433 281 314 445
223 999
998
1001
1000
792 529 1003
529 1002 566
731 509
153
661
384 104 236 758 247 570 826
140 141 174 1111
305 476 477
731 830
777 284 558 1599
528 432 551
487 105 459 798 242 274 119 286
363 589 590 403 211
293
593 411 364
562 476
694 263
83 69
897 225 986 1032 329 200 750 117 890
264 263
955 1142
96 97 842 154 955
546
96 1026 1214 184
1025 1121 265 1098 1099 266 1612 1166 559 560 1428
985 148 429 348
753 403 826 445 1375
800 1037
641 403 1071
101 239 49 50 340 1081
1020
377 70 95
97 232 943 528 944 1138 1108 955 285
1432 188 189 1502
1037
1036 1029
1039
992 614 1038 147 372 950
930 453 586 491 426 750 246
1042 75
1041
1044 110
1043
322 284 397
226 126
1048
1331 1047
850
264
110
1053
1218 834 1260 527 1052 1279
716
813 901
1328 1057 1069
1056 1066 1069
727
230 167 105 690 402 118
617 266 1206 265
743
944 1063
972 709 1062
112 882 142 111
644 885 727
1057 524
1068
1067
1056 1057
704 391 1071 595 469 378
933 1070 1030
557
192 597 278
1075 445 375
600 1074
231
1616 461 719
429
934 935 747 429 336
775 107 236 341 278
520 489 1031
851 852
574 709 326
384 570 1310 119
1086
1201 1085
610 587 462 758
302 478 319
822 790
820
309
212
649
1486 399
450 299 909 440 1208 319
424 1097 915 160
1096 1156 160 103
1217 1026 1539 1192 266 1099 560 1204
1026 265 1098 395 559 560 563
490 339
1112 731 732 773
812 295
1409 135 778 1104 919 211 535 538
1472 644 363 1103 850 117 118 538 316 890
658 247 570 223
891
1108
97 1544 1034 1107 184 185 154 606
1160 875 1285 1110
1553 1109
256 328 554 558 1008 927
760 1101 629
225 322 428 918 1590 733 798 479
152 361 153 695
1116
1115
633 569
272 785 674 855
1120 544 642 109 1559 730 987
1184 965 504 1119 927
1026 1124
930 899 838 841 842 944 529 507
930 326 808 750 507 1181
1121 1125
1124 230
192 113 114 196
136 1409
305 1209
136 480 346
938 1131 1157 1327
1130
333 563 852 184 185
294 1134 271
1133
200 201 537 407 1207 315 574
160 64 163 229 134 332 460 48 1456 219 62
118 565 566
233 1034 478
440 402
59
1142
1262 1141 1022
1508 949
579 1580 1399 943
276
326
380 788
1149
834 1256 778 556 1389 368 1528 1148 445
541
1152 783
1151
1154
1153 618 214
915
488 1097 596 581
160 388 938 1130 399 1235 63
888 1196
172 429 462 821 1205 250 251 733 350 447
1109
422 233 463 212 511
1265 274 148
224
1267 1165
1164
1026
369 559
640
713 786 213 153 1374 319
305 284 97 679
708 1172 983
1171
721
387 908 606 1175
495 1594 1174 762 606
1177
1176 1277
697 246
68 69
363 139 222 182
130 1123 492 750 411 603
291 1471
274 181 790
1120 673 1467 504
766
1448 579
161 1188 263 424 378 381
1187 612 817 378 382
1190
473 1189 638
538 476 701 327
1098
519 328 778 175 1425 282 445
352 560 532
437
673 1386 196 1158
390 904 972 725 183 343
321 546 69 959
1200
1464 1199
1086
622
120 121
976 1098
429 606 1159
1060
333 1135
786 125 1095
640 1128 1461 285 445
889 1211 443
1210
432 693
562
224 1025
947
119
1218 1098
1217 1053
1473 1220
1219
320 225 193 238 919 850 503
1223
1222
1225
1224
1227
1226
154 749 397
228
1409 810
439 873 535
1233
1232 930
171 172 173 209 210 216
768 1157 742 623 630 382
768 381
301
587
1240 224 1314
1239
808
555 662
320 305 572
112 111
640 387 551
281 778 701
877 878
125 323 405
1250
1249
336 491 317 191
848 833 778 238
834 527
1281 1255
707 964 1254
432 315 1436 1149
376 584
168
971 629
1609 202 203 1053
938 910
1264 1338 788 1142
830
1262
257 1162 845 242 274
1310 167
961 1378 1164 1350
1465 732
977 529
626 365
1272 377 101
767 79 1271
252 294
449 474 261
644
509
1177 617 1401
184
1053
984
1254
184
580
810 628
265 1492 1109 793 792 953
276
809
1313 445 343
1290
1289
118
1293
1292
930 531 317
1363 645 646
128 542
992 336 258 147
184 918
396
275 667 1301
968 1300
1458 346 1341
284
574 1305 294
1304
827
225 326
662
502
1266 996 1084 1311
265 166 1310 167
333
1288 823
224 1600 875 1239
1316
1315
930 565
167 679 265 752 977 374 1433
558
780
1434 830
1323 1443
1322
350 429 133 191
635 443
606 747 446
1130
1056
1330
1329
1048 905
387 936 593 599 510
690 563
775
171 206 207 564 447
185 97
783
1369 1262 1407
1472 504 310 440 476
208 173
1302
721 652
456 402 979 730 221 383
376 1470 767
642 109 110
265
732 1348
1347
337 338 197
266 1267
343
1353
1352 1509
663 223 503
345 114 403
324
554
801 645
67 22
544
104 107 1516 241 657 345 221
908
1483 1364 645 1295
1363
969 44 1406
902
768 381 630 455
944 808 840
1338 284
281 282 709
875
256 140 529 1394 117 1560 1373 1438
1372
656 1169
1028 679 560 1592 1497
930
1378
1377 1267
973 215
172 171 676 191
895
698 679
59
144 1463
877
914 1196
845 1487
632
403 476 1149 663
654 887
1392 961
1391
223
1372
1396
1395
1398
1397
1144 579 580
136
953 1277
1403
1402
528 456
200 105 620 286
60 1365
1338
136 228
1127 328 1230 1103 727
1411
1410
1413
1412
659 660
288
700 1439
528 97
147
524
777
805
91 887
185
456 850
135 1193 113 177 571 829
1427
1426
617 1026
380
336
778
1035 1557
1318 265 814 752
1321
144
1256
680
731 1372 830
1416 1487
145 532
938 1604
672
1322
538 812 629 174
477
625 882
905 1602
1186
312 1450
1449
1452
1451
225 397 798
384
174 118
1136
673
1302
593
967
1209
828
1384 175 1496 383
1200
1268
670
1184
435
275
1344 767 615
1182
288 167 461 1104 1339
1219
431
1476
1475
947
940
801
481 594
1482
1481 889
1363
743
63
1094
1387 1439
284
185 1490 404
1489
642
1285
250 252 588
969
1608 708 948
1463
1375
712
402
520
370
1035
404
488 794 795 461
194 148
652 749
707
1143
1353
475
507
513 539
501
1515
1514
1361 786
1518
1517
97 749
983
667
1523
1522
1525
1524
1527
1526
1149
617
314
683
868
174
357
528
531
794 701
406
1098
791
1542
1541
949
1108
1546
1545
1548
1547
546 1550
1549
1552
1551
1110
935
227 286
632
1432
861
1119
1372
621
1563
1562
275 276
986 735
593
830
594
1570
1569
720
955
486
266
608
1577
1576
218
932
1144
246
254
948 983
1620 334
213
477
531
1589
1588
1113
793
1375
643
1175
1596
1595
732
795
1011
1314
302
1447
141
1441
159
126
849
1495
1260
313
129
1026
833
987
466
1077
1618
1617
282
1584
