1 2 3 4 5 8 9 10 11 12 15 18 19 20 21 22 23 24 27 30 31 32 33 34 37 38 40 43 44 47 48 49 50 53 56 57 58 61 62 69 70 71 72 73 74 75 90 93 105 107 115 122 123 129 130 140 147 148 157 161 169 173 186 187 203 207 208 217 253 255 262 277 282 319 392 441 454 471
0 2 3 4 5 8 9 10 11 12 15 18 19 20 21 22 23 24 27 30 31 32 33 34 37 38 40 43 44 47 48 49 50 53 56 57 58 61 62 69 70 71 73 74 90 93 105 107 115 122 123 129 130 645 140 147 148 157 161 169 173 186 203 204 207 208 209 217 255 262 263 277 291 293 304 319 392 464 471
0 1 130 3 4 5 129 262 8 9 10 11 12 140 15 18 19 20 147 21 23 148 24 27 413 30 157 32 33 161 34 293 38 40 43 44 173 47 48 49 50 304 51 53 56 57 58 186 442 61 62 440 70 73 204 209 90 105 107 377 122
0 1 2 129 4 5 130 8 9 10 11 12 140 264 15 18 19 20 21 147 23 24 27 413 30 157 32 33 161 414 293 38 40 43 44 47 48 49 50 304 53 56 57 58 186 442 62 70 73 204 209 90 353 105 618 107 115 377 122
0 1 2 3 129 5 8 9 10 11 12 137 140 264 392 15 18 19 20 21 148 23 24 147 277 27 157 30 31 32 33 293 38 37 40 43 44 173 47 48 304 50 51 52 53 49 56 57 58 441 61 62 69 70 73 203 204 207 208 209 214 217 730 90 93 122 105 107 369 114 115 377 250 255
0 1 2 3 4 8 137 10 9 11 12 264 392 18 19 20 148 21 23 24 27 157 30 31 33 293 38 40 43 44 47 48 304 50 51 52 53 56 57 58 61 62 69 73 203 204 208 209 214 217 730 122 105 114 115 377 250
7 16 17 272 273 36 296 556 434 59 66 199 86 87 343 354 493 248 251
6 16 17 272 273 274 36 296 556 434 59 63 66 199 86 87 731 248 251
0 1 2 3 4 5 392 9 10 11 12 137 140 18 19 20 21 148 23 24 22 147 27 157 30 31 33 293 38 40 43 44 173 47 304 48 50 49 53 56 57 58 61 62 446 452 69 70 71 73 203 207 208 209 214 217 90 730 122 105 107 369 114 250
0 1 2 3 4 5 130 262 8 392 10 11 12 140 137 15 263 129 18 19 20 21 22 23 24 148 147 27 277 157 30 31 32 33 161 291 37 38 40 169 43 44 173 47 48 304 50 49 53 56 57 58 61 62 452 69 70 71 454 73 203 204 207 208 209 214 217 90 105 250 107 369 114 122 123
0 1 2 3 4 5 8 9 11 12 15 18 19 20 21 22 23 24 27 30 31 32 33 37 38 40 43 44 47 48 49 50 53 56 57 58 61 62 69 70 71 72 73 90 93 105 107 114 115 122 123 129 130 645 137 140 147 148 157 161 169 173 203 204 207 208 209 214 217 250 255 262 277 291 293 304 369 392 452 464
0 1 2 3 4 5 8 9 10 12 13 14 15 18 19 20 21 22 23 24 27 29 30 31 32 33 34 37 38 39 40 549 43 44 47 48 49 50 53 56 57 58 61 62 69 70 71 72 73 74 75 586 90 93 105 107 114 115 122 123 129 130 645 137 140 141 147 148 665 157 169 173 688 186 187 190 203 204 207 208 209 214 217 250 764 253 255 262 263 264 277 282 291 293 304 319 846 858 352 353 368 369 392 921 931 424 437 441 442 454 464
0 1 2 3 4 5 645 130 8 9 10 11 140 137 262 15 18 19 20 21 22 23 24 147 148 27 157 30 31 32 33 161 38 40 43 44 173 47 48 49 50 304 53 56 57 58 441 61 69 70 71 73 464 209 208 90 105 250 107 369 114 115 122
352 39 424 11 14 15 368 214 187 29
352 34 39 424 11 13 205 368 214 186 187 28 29
0 1 2 3 130 129 4 9 10 11 140 12 141 13 18 19 20 21 22 277 147 24 157 32 33 161 549 424 43 44 48 49 50 304 53 56 57 186 58 319 70 464 90 93 353 368 115
354 35 36 6 7 296 108 272 17 273 434 469 86 87 248 55 59 63
354 36 6 7 296 16 273 272 434 469 248 59
0 1 2 3 4 5 8 9 10 11 12 137 392 15 19 20 21 148 23 24 277 22 27 157 30 31 32 33 37 38 40 169 44 173 47 304 48 50 49 53 56 57 58 61 62 69 70 72 73 203 207 208 209 214 217 90 105 369 114 115 250
0 1 130 2 4 129 3 5 8 9 10 11 12 140 262 15 263 392 18 147 20 21 22 23 24 148 277 27 157 30 31 32 33 34 291 161 413 38 37 40 169 293 43 44 173 47 48 49 50 304 53 56 57 58 186 442 61 62 319 69 70 71 73 203 204 207 464 209 79 90 105 107 369 122 123 255
0 1 2 3 4 5 130 129 8 9 10 11 12 392 140 137 15 264 18 19 147 21 277 23 24 22 27 157 30 31 33 291 293 38 37 40 43 44 173 47 48 49 50 304 53 56 57 58 61 62 69 70 71 73 203 204 207 208 209 214 217 90 105 250 107 369 377 122
0 1 130 3 4 2 262 263 8 9 10 11 12 392 140 15 129 18 19 147 148 22 23 20 24 277 5 157 30 31 32 33 161 291 37 38 40 169 43 44 173 47 48 49 50 304 53 56 57 58 61 62 319 69 70 71 454 73 203 204 207 79 208 90 105 107 369 122 123 255
0 1 130 262 263 8 9 10 11 12 392 15 18 19 147 21 20 23 24 157 30 33 161 291 43 47 50 319 69 70 71 454 73 79 207 90 107 369 122 123
0 1 2 3 4 5 8 9 10 11 12 392 18 19 20 21 147 22 24 277 148 27 157 30 31 32 33 291 38 40 43 44 173 47 48 304 50 53 56 57 58 61 62 452 69 70 71 73 203 207 208 214 90 105 369 114 122
0 1 2 3 4 5 8 9 10 11 12 392 137 15 18 19 20 21 147 23 22 27 157 30 33 38 40 44 173 47 48 304 50 53 56 57 58 61 62 69 70 73 203 207 208 209 214 105 369 114 250
96 194 195 196 197 138 397 78 303 175 174 305 371 26 59 638 95
96 194 196 133 574 138 174 175 78 219 303 371 25 59 638 95
0 1 2 3 4 5 8 9 10 11 12 137 264 18 19 20 23 24 157 30 33 293 38 40 44 173 47 48 304 50 53 56 57 58 61 62 446 452 69 73 203 204 208 209 214 217 105 377
39 232 233 205 14 308 118 29
480 39 11 13 14 205 308 28
0 1 2 3 4 5 130 8 9 10 11 12 137 18 147 20 21 19 23 24 22 148 27 157 31 32 33 293 38 40 43 44 173 47 304 48 50 49 53 56 57 58 61 62 69 70 71 73 203 204 208 209 214 90 105 250 107 114 122
0 1 4 5 8 9 10 11 12 18 19 148 21 20 23 277 157 30 32 33 34 37 40 169 173 47 49 50 53 57 58 61 62 190 69 72 73 74 75 203 207 208 214 217 90 250 122 123 255
0 1 2 3 4 9 10 11 140 12 15 18 19 148 277 21 23 157 30 31 33 43 173 48 49 50 51 53 56 57 440 58 464 114 115 122 255
0 1 2 3 4 5 130 8 9 10 11 12 140 511 15 779 137 18 19 148 21 20 23 147 22 24 282 277 157 30 31 32 161 27 38 40 43 44 173 47 48 49 50 304 51 53 52 56 57 440 58 441 186 61 319 73 208 90 730 93 107 114 115 121 122 255
0 1 2 11 14 19 787 148 407 31 37 39 169 44 437 186 187 190 62 123 253 255
36 16 86 87 59 63
35 6 7 108 16 272 17 55 86 87 59 63
0 1 4 392 9 10 11 18 19 20 21 157 31 34 169 47 61 62 69 70 72 73 203 207 208 214 217 123
0 1 2 3 4 5 8 9 10 11 12 18 147 20 21 19 23 24 27 30 33 291 293 40 44 173 47 304 48 50 53 57 58 61 62 446 452 69 71 73 209 214 105
34 424 11 13 14 205 187 28 29
0 1 2 3 4 5 8 9 10 11 12 137 392 140 18 19 20 21 147 23 24 27 157 30 31 33 38 43 44 173 47 304 48 50 49 53 56 57 58 61 62 69 70 71 73 203 208 209 214 217 90 122 105 107 114 115 250
523 527 544 42 557 563 564 572 575 580 596 84 606 97 98 102 103 620 113 120 124 125 639 640 643 650 653 144 145 146 154 155 160 676 170 176 177 692 696 193 201 210 729 218 222 239 755 756 246 259 775 267 270 280 283 292 311 312 320 838 327 328 330 842 848 345 347 360 365 375 914 410 419 420 421 423 937 939 443 447 453 458 971 463 474 503 508
98 41 177 503 410 222
0 1 130 3 2 4 262 129 8 9 10 11 392 140 12 15 19 147 21 22 20 148 23 5 157 30 32 33 161 40 44 47 49 50 53 57 58 62 319 69 70 73 204 90 107 122 123
0 1 2 3 4 5 129 130 8 9 10 11 264 12 140 15 392 18 19 20 147 21 23 24 27 157 30 33 34 291 293 38 40 43 47 48 304 50 49 53 56 57 58 442 186 61 62 69 70 73 203 204 209 105 107 369 377
46
45
0 1 2 3 4 5 8 9 10 11 12 137 392 18 19 20 21 22 23 24 27 157 30 31 33 37 38 40 43 44 173 304 48 50 53 57 58 61 62 69 70 73 203 208 214 217 90 122 105 369 114 115 250
0 1 2 3 4 5 8 9 10 11 12 140 137 15 18 19 20 21 147 23 24 27 157 30 32 33 161 293 38 40 44 47 304 49 50 53 56 57 58 69 70 73 204 464 209 214 90 369 115
0 1 2 3 4 645 130 262 8 9 10 11 12 140 129 15 18 19 20 21 147 277 157 30 31 32 33 161 291 549 40 43 44 173 48 304 50 53 56 57 58 186 187 440 319 70 73 464 471 90 93 107 122 254
0 1 2 3 4 130 129 645 8 9 10 11 12 140 262 15 18 19 20 21 147 22 23 277 5 24 148 157 30 413 32 33 161 27 31 38 40 43 44 173 47 48 49 304 53 56 57 58 440 61 319 69 70 73 204 90 93 105 377 107 114 115 121 122 123 254
32 33 2 4 5 137 266 441 208 114 52 148 53 57 730 411 61 190
33 4 5 644 901 137 266 940 526 114 115 51 53 441 730 190
0 1 2 3 4 5 901 8 9 10 11 12 140 392 15 264 18 19 148 20 21 23 24 147 27 157 30 31 32 33 161 38 40 43 44 47 48 49 50 51 304 52 56 57 58 62 71 208 209 217 105 107 368 114 115 122
514 391 649 778 299 305 821 55 59 451 196 324 325 326 198 195 462 78 854 990 354 359 108 245 249
514 354 196 324 36 359 198 649 195 299 108 78 16 54 59 63
0 1 2 3 4 130 5 129 8 9 10 11 12 140 392 15 18 19 20 277 147 23 24 21 27 157 30 32 33 161 291 40 44 173 48 49 50 304 53 57 58 186 204 464 209 90 93 105 107 114 115 254
0 1 2 3 4 5 130 8 9 10 11 12 140 137 15 18 147 19 20 148 21 23 24 27 157 30 31 32 33 413 161 293 38 40 169 43 44 173 47 48 49 50 51 304 53 56 58 186 61 62 70 73 207 208 209 90 105 107 114 115 122 123 253 255
0 1 2 3 4 5 129 130 8 9 10 11 12 140 263 15 18 19 20 147 21 23 24 277 27 157 30 31 32 33 413 291 293 38 40 43 44 173 47 304 48 50 49 53 56 57 61 62 69 73 203 207 209 214 90 105 114 115 377 122
513 517 6 7 524 16 17 528 533 534 25 26 541 542 545 546 35 36 548 553 556 558 560 562 54 55 570 571 60 63 66 67 68 578 582 584 78 80 84 85 86 599 87 602 94 95 96 608 99 100 101 612 104 617 106 108 623 630 634 124 126 638 128 133 134 136 138 651 656 144 149 150 151 152 153 674 167 679 168 682 694 184 185 699 188 189 702 194 195 196 707 198 199 197 710 202 717 206 721 722 211 723 724 725 731 732 221 733 228 229 230 231 234 235 236 237 750 242 245 247 248 249 760 251 252 265 778 268 272 275 276 789 285 286 290 803 294 295 297 298 299 300 302 303 305 306 307 315 321 833 325 330 331 332 853 343 856 346 349 354 871 370 371 373 374 891 382 387 389 390 397 399 406 412 415 425 427 433 435 436 438 439 444 455 457 459 465 466 470 478 482 494 495 497 498 503 509
99 100 231 553 236 84 149 85 59
0 1 2 4 5 8 9 10 11 137 266 12 18 19 148 20 21 23 24 27 157 30 31 33 37 38 40 169 44 173 47 50 51 57 58 446 62 69 72 73 74 203 75 207 208 214 217 250 122 123 255
0 1 2 3 4 5 129 263 264 8 9 11 10 392 18 19 20 147 148 23 24 21 27 30 31 34 293 38 37 40 43 44 47 53 57 58 61 69 70 73 203 209 214 217 377
7 272 16 546 35 36 300 55 59 199 206 80 86 478 228 101 617 370 245 251
65 76 77 81 762
64 81 762 77
59 6 750 7
902 268 269 275 152 153 286 294 298 436 185 59 830 68 325 202 331 466 470 94 485 230 104 247
136 651 268 275 150 152 153 286 294 298 300 439 184 185 59 315 67 325 202 466 726 603 349 478 94 230 104 247 509 126
0 1 4 5 263 8 9 10 11 12 137 18 19 20 21 22 23 24 27 30 31 37 38 40 43 44 47 304 48 50 58 61 62 70 73 203 207 208 214 217 90 369 114 250
0 1 130 2 4 3 262 263 8 9 10 11 12 392 140 15 18 19 20 21 22 23 24 147 157 30 291 37 40 169 43 44 47 48 49 50 57 62 69 71 73 203 204 79 207 214 90 107 369 122 123
0 1 645 8 9 10 11 12 19 20 21 22 23 793 30 38 40 173 53 452 454 70 73 90 105 107
0 266 11 10 18 148 282 31 37 169 61 190 74 75 207 208 214 123 255
0 1 2 3 4 5 262 263 8 9 10 11 12 130 18 19 20 21 22 23 147 24 148 27 157 30 31 33 291 37 38 40 169 43 44 173 47 48 49 50 57 58 61 62 69 70 71 454 74 203 75 204 207 208 214 90 105 107 122 123 255
0 1 255 319 262 72 73 169 11 75 207 122 123 61 31
0 72 73 74 11 148 122 123 31 61 255
64 135 77 337 182 540
64 65 135 76 461 337 182 183 540
513 397 25 26 174 175 303 307 54 55 59 194 195 196 197 198 96 609 235 638
130 70 263 262 107 147 19 21 22 122
387 389 390 151 153 285 541 415 418 427 300 558 307 438 184 315 59 63 710 198 455 332 206 466 95 354 101 106 235 249 126
64 65
83 166
82 166
131 132 134 522 276 152 153 539 542 543 421 551 552 41 683 433 435 307 59 60 211 85 218 94 95 96 99 231 236 367 242 371 630
231 367 433 211 84 307 435 279 152 59 60 95
35 36 6 7 251 272 16 274 273 87 59 63
35 36 6 7 272 273 274 16 86 59
481 136 766 496 180 89 378 127 158 159
864 226 227 709 136 200 632 496 626 150 88 219 348 158 127
0 1 2 130 3 4 262 645 8 9 10 11 12 140 15 18 19 20 21 22 23 147 277 157 30 31 161 33 291 164 40 43 173 47 48 49 50 304 56 57 58 319 69 70 454 71 73 204 105 107 122 123 254
168 397 398 111 112 302 722 500 470 439 219 92 605
260 394 397 398 404 422 168 301 302 439 185 705 202 722 91 220 605 349 225 619 112 626 500 629 126
0 33 1 4 10 11 140 15 304 368 114 115 50 49 56 121
67 68 484 230 298 623 242 372 373 84 247 152 153 346 59 188
387 136 402 150 153 25 26 286 798 418 558 174 435 570 59 315 577 196 198 326 455 80 338 211 84 85 351 96 354 234 235 371 249
136 397 654 25 26 286 798 418 174 435 952 570 59 315 579 196 197 326 198 78 211 84 602 351 95 354 235 371 374
320 98 103 41 361 365 283 177 144 120 155 125 222 671
640 259 643 771 520 267 270 144 146 786 658 280 154 283 155 410 160 544 292 423 41 42 170 177 563 312 953 443 572 447 320 193 580 453 327 328 201 458 330 589 977 210 596 345 218 347 729 861 222 606 97 503 102 103 615 361 360 759 365 508 239 113 756 246 375 120 124 125
100 938 236 60 84 59 444 543
386 99 134 236 60 634 59 444 543
387 517 390 136 265 667 284 285 286 415 674 546 418 679 300 307 184 59 315 63 198 202 332 206 80 482 617 106 370 245 251 126
98 328 41 365 120 283 573
521 653 144 146 538 155 41 170 177 310 313 443 320 201 222 97 98 360 239 120 124 125
128 67 68 229 230 185 168 202 331 184 153 59
0 1 2 3 4 5 8 9 10 11 12 18 19 20 21 23 24 27 157 30 38 40 44 173 47 50 53 56 57 58 71 73 209 90 107 122
354 674 101 198 167 265 332 667 206 80 370 59 412
0 1 130 3 2 129 4 8 9 10 11 12 140 392 19 20 21 22 147 157 30 161 33 40 43 44 49 50 53 56 57 70 71 454 73 204 79 90 105 618 122
128 391 265 272 16 275 151 541 36 294 168 54 55 184 185 951 59 189 451 332 469 346 354 487 359 251 126
968 233 110
109
484 168 298 91 397 302 271 112 432 462 404 150 439 472 219 156 605 286
705 168 713 91 397 302 92 111 271 301 500 219 156 605
98 41 201 176 177 280 222 383
4 5 8 9 10 137 12 11 18 148 23 24 411 30 32 33 40 173 47 304 50 51 52 53 56 441 58 57 446 69 208 93 115 121 250 511
0 1 3 4 644 5 137 10 11 140 12 15 18 32 33 40 47 304 48 50 52 53 56 57 58 329 214 93 114 121 511
843 117
116
139 28 141 119
139 141 118
653 270 144 145 146 280 410 154 155 41 170 176 177 309 310 443 447 320 201 222 97 98 102 103 360 365 239 888 124 125
33 173 114 115 50 93
0 1 2 130 4 5 262 263 8 9 10 11 12 140 3 19 148 21 22 23 147 20 157 30 31 32 33 161 40 169 43 173 47 49 50 53 440 57 58 61 318 319 70 454 73 74 75 204 207 208 79 90 105 107 123 764 255
0 1 262 9 10 11 19 148 21 22 407 157 31 34 37 169 43 50 57 187 61 319 70 72 73 74 75 208 217 90 122
521 653 144 146 786 155 41 170 557 177 563 310 313 59 443 193 201 223 224 98 103 360 888 120 125
781 144 146 538 283 155 41 177 310 313 314 443 320 201 589 97 98 103 361 365 888 120 124 126
136 265 528 275 150 285 158 286 159 294 168 297 298 300 180 439 185 59 577 68 325 326 584 200 202 970 332 462 847 80 346 603 92 349 481 354 101 617 108 125 378 507 509 127
136 766 271 275 150 790 158 159 286 294 168 298 180 181 185 445 325 326 583 200 202 979 88 89 605 349 481 225 626 378 126
323 547 104 265 168 108 184 185 346 59 189
0 1 130 3 2 4 264 9 10 11 15 19 147 20 277 21 157 413 291 43 44 49 50 56 442 58 186 62 204 209 618 107 377
0 129 2 3 1 262 263 9 10 11 140 12 15 19 147 21 22 20 277 413 157 30 414 161 33 291 43 44 49 50 56 57 58 442 70 73 204 79 209 90 618 107 122
132 421 460 367 84 539
131 367 84 539 188 543
194 134 231 236 175 691 26 59
194 100 133 231 236 84 59
461 76 77 183
517 265 651 268 528 275 150 409 153 285 286 158 159 801 294 295 422 297 298 300 180 181 185 315 59 445 451 68 325 326 198 200 584 202 332 462 88 89 349 95 96 481 736 351 101 617 749 251 496 374 631 507 126 127
4 5 8 9 10 11 12 18 20 24 27 157 30 33 40 173 47 304 48 51 52 57 61 69 203 208 214 114 115 250
194 236 25 26 59
141 565 118 119 376
0 1 2 3 4 130 8 9 10 11 12 15 19 20 21 157 32 33 161 40 43 44 48 49 50 304 53 56 57 58 319 70 90 93 353 107 368 115 122 254
139 11 15 368 118 119 376
154 143
820 142
320 97 98 103 59 41 155 146 120 538 443 124 125
320 448 383 360 201 41 120 270 653 176 561 146 502 312 443 316 222 575
653 144 145 154 41 557 176 177 561 443 316 320 201 222 223 224 98 103 360 888 502 120 124 125 383
0 1 130 2 3 129 4 263 8 9 10 11 12 262 15 19 20 21 22 23 148 24 277 413 30 157 33 291 293 38 40 43 44 48 49 50 53 56 57 58 62 70 73 204 79 207 209 90 107 122 253
0 1 2 4 5 8 9 10 11 266 12 18 19 147 21 277 23 157 30 31 32 33 34 169 43 173 50 51 53 440 57 186 61 190 317 62 319 72 73 75 207 208 114 122 123 253 255
553 59 60 534
136 265 268 269 271 275 660 151 156 286 289 294 422 168 298 428 301 302 562 436 439 185 570 59 189 323 68 709 200 592 338 89 346 219 349 605 95 736 225 226 227 354 484 111 626 374 126 127
387 390 265 275 150 679 298 428 301 184 59 189 80 466 211 733 354 108 382
391 651 399 276 153 539 286 800 289 168 298 683 433 307 185 59 67 68 325 195 331 460 211 84 85 346 219 94 354 503 484 229 230 231 623 242 371 372 373 630 247 379
136 268 152 286 294 168 298 306 307 184 185 59 315 67 68 325 196 198 195 202 331 460 80 211 84 732 94 95 354 229 230 485 104 366 623 242 371 245 373 249 379 382
320 98 41 365 334 239 142 333 146 120
320 97 98 103 361 41 365 144 120 313 124 125
672 323 168 393 298 428 397 271 112 111 623 339 432 501 150 219 286
0 1 129 2 4 5 3 130 392 9 10 11 12 8 137 15 140 18 19 20 277 21 148 147 23 22 24 27 30 31 32 33 37 40 169 43 44 173 47 48 49 50 53 56 57 58 61 319 454 70 73 204 207 208 217 90 350 105 107 377 122 123 255
517 136 655 285 159 295 180 445 325 200 847 88 89 349 374 378 507 126 127
481 136 847 88 378 158 126 127
98 680 41 650 246 218
0 1 130 3 2 262 9 10 140 12 15 19 21 22 413 414 33 164 43 48 49 50 53 56 57 90 107 122 254
576 826 163
576 162
161 165 488 90 254
488 164 254
82 83 911
321 195 196 197 198 106 235 249 59 221
128 382 515 260 391 268 398 271 528 402 404 150 152 153 537 156 541 286 672 547 294 422 298 299 301 184 185 59 189 323 325 202 331 332 470 346 91 92 349 603 605 219 225 229 230 487 104 108 366 111 112 626 629 379 126 127
0 1 9 10 11 18 19 148 21 157 31 34 37 57 61 70 72 73 74 208 122 123
98 103 360 41 201 120 124
770 172
770 171
0 1 2 4 8 9 10 11 12 137 18 19 20 21 148 23 24 282 27 157 30 31 32 33 38 40 47 304 49 50 56 57 58 441 61 446 71 73 208 90 105 114 121 122
96 513 194 235 78 175 303 25 26 95
194 579 195 133 78 174 303 691 504 25 26 574
224 642 201 41 177 146 113 958 145 120 410 316 222 383
653 146 786 410 283 41 42 557 176 696 313 443 316 328 201 222 223 224 97 98 739 103 239 113 120 124 125 383
746 179 550
227 550 429 430 178
358 742 136 200 617 300 766 275 181 631 88 158 445 349 126 127
136 200 202 499 180 341 598 404 185 349 605 127
76 461 77 337 183 540
135 77 461 182 540
128 272 275 151 153 541 286 294 168 306 185 59 189 68 331 80 603 229 101 104 108 379 382
128 260 391 136 778 275 405 150 152 153 286 294 168 552 299 943 306 181 439 184 59 315 67 68 325 326 196 198 202 462 211 341 470 726 854 603 92 605 478 349 228 229 487 231 104 617 108 629 126 127
0 1 2 3 129 264 11 14 15 19 148 33 34 44 49 56 57 442 187 858 368
0 34 39 424 11 13 14 368 49 186 123
132 242 373 59 94
128 269 275 150 151 286 289 547 294 168 298 560 436 184 59 323 722 470 346 219 603 225 484 108
34 72 266 11 51 148 437 787 214 52 666 31
192 434
191
41 98 124
133 134 552 138 78 175 303 174 504 25 26 59
260 649 654 528 152 153 25 418 167 299 175 54 55 570 315 59 196 324 198 78 613 614 234 245 249 638
513 397 530 153 25 26 418 167 303 54 55 185 315 59 195 324 197 198 326 451 325 78 95 96 354 234 235 371
654 529 530 25 418 546 167 303 59 321 196 198 78 206 351 96 235 497 249
513 387 516 517 136 651 528 529 530 404 153 541 286 545 418 546 167 299 555 558 819 307 54 55 185 570 59 315 321 195 196 197 326 710 202 206 78 80 462 338 341 349 95 96 351 482 101 742 234 235 106 497 370 249
354 6 7 556 59 63
294 136 554 202 626 979 180 181 150 790 374 89 126 349 158 127
521 653 270 145 146 283 41 170 557 176 177 561 313 443 316 827 320 222 98 103 113 502 120 124 125 383
382 515 260 136 398 404 535 153 541 286 547 422 294 168 299 181 439 185 315 59 323 67 325 198 68 200 462 470 857 603 92 605 349 228 229 742 101 104 617 619 379 126 127
0 1 4 5 263 8 9 10 11 137 18 19 20 21 23 24 27 30 31 37 40 44 47 304 58 61 62 69 70 73 207 208 214 217 369 250
129 130 1 3 5 2 4 9 10 11 19 20 21 147 27 157 30 43 44 48 50 56 70 73 90 107 377 122
39 14 308 28 29
913 286 546 674 679 305 307 693 438 59 63 707 197 198 332 80 101 106 235 370 251 382
0 1 4 8 9 10 11 18 19 148 21 22 23 20 24 277 147 157 31 37 57 58 61 69 70 454 72 73 74 203 217 122 255
0 1 4 5 8 9 10 11 12 137 18 148 21 20 23 24 282 27 157 30 31 33 37 40 169 173 47 51 53 57 441 61 69 72 73 203 214 217 114 122 123 764
1 2 3 4 5 130 129 8 9 10 11 12 392 18 147 20 19 24 27 30 293 38 40 44 48 53 56 57 58 62 105
41 98 218
268 399 275 917 151 152 153 286 289 298 433 185 570 59 315 84 85 95 96 354 503 231 623 242 371 373 374 245
213
258 212 390
4 5 8 137 264 11 10 13 14 9 18 20 23 24 27 30 31 37 38 40 47 48 304 437 58 61 62 190 69 70 72 73 203 208 217 730 369 115 250
216 364
577 483 234 364 215
0 1 4 5 8 9 10 11 392 18 20 793 27 157 31 37 40 47 53 61 62 69 203 207 208 214 123
160 417 98 420 680 41 463 210 84 246
512 768 515 388 261 387 903 393 394 395 652 271 402 150 791 792 918 26 152 156 669 409 422 808 168 426 298 302 817 690 950 695 570 189 574 830 322 323 708 578 962 711 967 338 595 339 342 89 91 348 220 477 607 225 737 484 357 621 749 111 112 878 884 501 767
289 322 323 426 395 298 301 302 431 432 465 397 439 409 603 219 92
321 167 235 602 59
642 145 146 410 283 41 42 176 177 312 443 316 201 97 98 103 239 113 758 120 383
224 521 653 177 146 563 786 124
521 875 653 176 177 146 124 223
672 387 323 422 294 168 298 92 626 150 219 349 189 127
672 960 227 709 808 746 298 429 590 592 496 432 627 852 150 919 920 89
226 709 422 429 432 179 660 150 598 89
229 202 238 379 185 59 541 63
391 397 152 153 168 306 307 184 185 59 325 202 331 470 228 230 231 104 238 366 245 379 382
67 68 229 294 104 168 372 247 152 153 59 94
229 134 391 133 367 433 242 211 84 85 822 825 152 185 59 60
424 233 880 368 376 28
232 28 109 968
418 195 196 198 299 302 528 595 500 216 249 570 59 286 95
513 418 167 174 558 435 59 315 707 196 197 198 78 206 80 602 221 95 96
99 100 133 134 553 138 84 724 59 60
59 943
228 229 744 366 306 245 379 541 382
98 103 360 41 490 365 177 120 154 222
241
240
354 231 522 211 84 373 405 152 153 59 188 94
505 659 244 622
243 350 407
265 153 300 54 570 59 63 195 325 332 211 478 736 354 229 101 617 366 238 374
160 41 98 218
67 68 230 59 373 152 539 94
354 6 7 294 268 493 16 17 273 272 343 344 59 541 478
654 153 286 418 546 167 299 307 54 59 321 195 197 198 326 80 727 95 738 482 234 497
4 5 8 137 10 11 12 9 18 20 24 30 31 40 47 61 69 203 214 114
101 6 7 136 332 108 206 507 86 599 59 63
59 853
0 34 11 147 148 57 317 255
161 164 165 488 140 49 50 56 90 414
0 1 4 10 11 19 148 21 157 31 32 33 34 57 61 319 72 73 74 75 207 122 253
257
256
795 213 750
41 98
195 487 168 202 629 406 185 92
219 357
0 1 130 2 263 9 10 11 12 19 147 21 22 161 43 49 50 319 70 73 74 79 90 122 123
1 130 291 58 69 262 70 73 9 11 203 79 147 19 21 22 122 62
353 129 3 4 5 392 11 44 368 20 53 214 377 186 27 62
128 136 268 150 151 801 294 295 297 298 59 325 332 466 346 736 354 101 106 108 245 374 126
72 779 812 881 51 52 148 666 411 61 190
41 98 958
391 136 265 651 269 150 153 286 416 294 295 168 298 59 67 68 325 326 332 462 211 343 478 354 374 248
354 67 294 391 326 297 295 268 400 401 275 373 150 343 189
98 41 201 120 145 312 316 447
481 325 168 297 298 777 111 112 626 150 219 156 286 127
248 354 36 6 7 108 16 17 273 86 87 184 59 541 382 63
6 7 296 715 16 17 272 434 469 86 87 248
7 86 87
136 269 150 151 541 286 285 289 294 297 298 300 180 184 185 59 189 451 68 67 211 346 603 354 108 374 126 127
152 59 84 503
0 1 129 130 4 9 10 11 15 18 19 20 21 148 23 147 157 31 32 33 49 50 56 58 207 90
279
85 278
98 41 113 120 281
930 420 774 839 904 650 620 780 692 310 663 280 954 283 510
0 33 72 11 173 208 441 411 764 318
97 98 102 313 41 201 557 177 222 926 947 786 311 281 763 125 510
641 101 966 667 412 285 415
517 389 136 275 284 158 286 415 546 297 300 59 710 80 101 374 507 509 126
136 648 638 651 268 397 271 275 404 150 152 153 156 285 541 289 294 295 168 297 298 299 300 302 306 307 439 184 185 570 59 315 189 577 451 68 325 326 198 584 67 202 332 206 462 211 470 349 95 96 354 482 101 234 111 374 249 507 509 126 127
288
287
896 397 399 275 150 152 286 290 427 558 302 433 571 189 704 833 322 323 211 343 346 220 864 870 878 753 379
289 59
1 130 129 263 9 10 11 19 147 20 22 23 21 38 44 49 56 58 70 73 90
41 98
1 2 3 4 5 8 10 11 147 20 19 27 413 30 38 44 48 57 58 62 209
391 136 265 268 269 657 275 150 153 541 286 547 295 168 297 436 184 185 59 189 67 68 325 451 326 200 202 462 469 726 470 603 349 478 734 605 225 354 230 359 487 743 874 108 372 248 126 127
136 265 268 269 158 286 416 294 297 59 451 325 326 715 332 972 354 374 507 509
6 7 16 17 434 273
136 265 269 271 275 285 286 801 294 295 59 451 325 332 847 466 343 346 354 509 126
136 265 651 268 271 275 404 150 151 152 153 409 156 286 672 168 808 301 693 439 570 59 189 830 67 68 709 331 466 211 852 470 219 220 349 94 605 736 225 226 484 743 111 626 500 126 127
513 649 778 651 406 286 168 821 54 55 185 59 195 198 202 349 614 234 249
517 136 275 285 286 415 546 674 679 819 180 570 59 315 63 68 80 478 482 101 245 509 126
168 426 298 427 397 302 112 465 220 404 150 151 379 92
394 397 404 150 286 289 679 426 301 439 59 582 465 91 220 92 219 482 483 234 111 112 500 633
194 196 197 78 175 174 25 26 59
1 2 3 4 5 8 9 10 11 12 137 140 15 18 19 20 21 23 24 27 30 33 38 40 44 173 47 48 49 50 53 56 57 58 69 203 214 90 93 369 114 115
582 394 878 206 497 54 25 59
185 229 331 238 379 723 184 153 59 541 286
517 152 153 286 433 59 707 198 717 206 78 80 84 85 229 101 370 249 638
29 28 205
544 361 310 664 120
281 103 664 309 757 120 313 124 125
345 41 283 510
98 41 270 527 145 564 316 222 447
320 103 520 361 906 201 396 781 283 177 310 314 155 124 125
544 320 520 396 887 313 125 671
517 136 153 541 286 418 555 300 439 185 570 59 577 195 196 68 198 455 202 80 338 211 341 478 351 96 95 613 486 614 742 101 235
448 642 201 575 270 176 145 146 177 561 502 312 443 222 383
148 407 440 253 318
440 122 282 317
0 1 262 11 140 15 19 148 21 22 157 33 43 49 50 74 471 90 350 122 123 380 255
144 145 146 912 154 155 538 41 313 314 443 201 120 97 98 103 360 888 125
513 546 707 197 198 167 370 983 249 59 221 638
289 323 395 397 219 220
128 515 395 397 398 150 156 541 289 168 189 322 202 462 603 219 477 220 736 225 379
195 196 359 942 54 55
391 136 265 651 268 271 152 153 286 158 416 672 294 295 168 297 54 185 59 67 68 451 326 196 584 202 332 460 462 854 349 734 735 736 481 354 229 617 366 245 507 509 126 127
136 268 269 286 928 418 294 295 54 185 196 325 198 584 713 460 462 95 96 481 354 249 378 126 127
41 98 508
41 98 177 102
115 868
41 98 59 444
67 229 104 168 59 298 346 306 184 153 603 379 152
391 136 265 268 409 286 416 801 295 168 297 59 451 325 206 80 349 736 354 101 487 106 108 245 251 126
154 334
506 333 154
336
444 335
540 76 77 182
578 486 198 422 555 315 339 150 599 952 570 219 348 95 351
672 864 808 393 428 592 338 348 219 156 351
518 555 652 341 799
418 485 198 519 422 955 652 530 404 340 181 598 185 315 605
219
248 289 354 6 297 268 269 344 59
736 354 852 343 248 478
98 41 365 755 311
128 289 168 265 297 331 108 275 150 152 126 59 189 94
41 98 850 873
672 578 354 451 613 486 797 555 428 749 592 338 339 884 89 219 733 351
136 651 404 150 409 286 158 547 422 294 168 298 299 180 181 439 185 59 445 68 325 198 200 202 332 462 722 470 92 605 225 742 126 127
244 157 319
96 485 198 197 486 136 555 654 558 496 338 339 570 315 348 95
11 13 14
931 3 264 11 140 15
6 391 648 649 265 268 269 399 272 17 16 275 150 151 152 153 541 286 674 294 295 297 428 54 55 59 451 196 325 326 199 332 80 211 343 344 348 95 96 736 106 108 242 245 373 248 126
356
355
720 219 261
391 487 359 751 180
514 324 358 294 108 469 54 55
320 98 103 41 170 239 912 145 146 888 120 443 124
97 98 309 313 155 125
635 363
362 828
216 215
97 98 102 41 239 120 345 154 155 125
325 229 168 969 238 245 153 379 700
131 132 231 872 84 85
424 585 232 11 264 13 141 15 14 140 818 53 186 187 93
4 8 9 10 11 12 18 19 20 21 22 23 24 44 47 304 48 69 70 203 214
321 546 707 674 101 198 106 206 913 307 59 63
96 196 522 460 717 798 211 84 435 373 152 153 26 59 25 95
294 230 373 152 94
354 269 399 623 242 211 372 371 630 247 152 153 59 188 94
96 517 295 136 265 200 268 528 275 211 245 150 378 59 285 158 286
41 98
232 139 141
129 2 3 4 5 58 264 204 44 50 20 442 27 157 62
326 374 88 126 127 158 159
397 152 153 669 541 289 168 301 306 184 323 202 331 603 228 229 366 238 382
381 319
899 380
541 229 168 59 202 427 425 206 238 272 151 184 153 379 733
201 176 177 145 146 113 410 316 222
385
384
100
225 513 101 198 456 427 219 80 599 151 59 541 638 95
219
641 390 80 703 571 59 285 639
641 389 101 80 213 886 151 59
268 269 401 152 541 294 168 54 185 451 325 332 854 478 354 229 358 487 231 745 747 108
0 1 4 5 900 8 9 10 11 264 18 19 20 21 22 23 24 157 37 40 43 44 47 53 56 62 70 209 217 107
339 219 156 623
582 619 397 302 398 305 535 219 92 797
322 323 656 219 220
313 506 314
394 404 25 156 286 289 301 302 439 570 59 322 323 196 582 78 91 92 477 603 220 96 229 111 112 379
323 168 202 394 537 603 91 92
289 354 211 373 152 59
401 269 743
400 743 269 391
515 219 168 95
404
397 403 286 422 168 298 301 302 181 439 198 202 341 470 92 349 605 485 111 500
185 242 943
59 299 260
34 244 471 123 317
409
136 298 332 462 408 219 220 349
98 41 42 176 177 120 222 383
266 748 114 51 441 282 446 511
106 59 284
129 2 130 3 293 161 442 50 147 19 57 58 414
161 130 3 413 254
674 964 101 710 300 667 80 466 59 284 285
332 268 325 295
218 420
96 864 195 196 197 198 326 101 234 235 528 529 530 80 341 249 315 95
41
417 421 41 281 218
131 420 41 84 696
136 660 404 150 168 432 439 202 462 338 341 470 219 92 605 349 225 227 626 499 629
41 98 573
549 39 232 11 13 14 15 368 187
59 548 382
619 301 302 465 439 219 220
289 387 456 301 80 59 541 382
736 354 339 348 150 151 156
226 227 869 430 179 920
179 670 429 550
432 628 220
226 227 422 111 431 156 220
289 231 307 84 85 211 152 59
6 7 296 16 17 273 191
96 584 552 522 235 371 84 85 59 95
67 294 150 59 189
34 11 688 787 214 190
457 206 494 80 59
397 404 150 797 286 422 298 426 302 185 315 59 68 202 722 91 220 605 478 92 349 111 126
32 33 2 49 50 148 471 122 317 318
0 33 4 11 12 173 208 114 51 52 730 282 411 925
129 130 3 2 11 44 19 377 186 413
653 781 144 145 146 538 41 177 316 958 320 201 120 222 98 103 360 888 124 125
99 100 330 336 634 59 543
136 180 922 349 158 127
38 8 27 173 114 411 61
98 41 270 312 474 120
145 316 502
450
449
391 136 275 541 286 294 295 297 54 196 325 332 462 348 736 354 613 487 108
38 71 8 9 10 23 27
41 98
0 897 122 71 9 73 11 107 207 21 22 90 604 157
59 80 498 315 95
537 427 387
59 667 438 679
41 98
59
131 325 326 933 371 152 153 539 732 605
135 77 182 183
136 651 268 530 535 409 286 294 422 54 185 451 323 325 326 198 202 349 478 617 111 499 126
41 218 650
32 1 645 10 11 12 15 48 49 19 56
426 301 302 597 59 220
67 68 484 905 298 297 265 80 151 59 415
504 468
467
294 359 108 16 273 17
404 286 547 294 422 168 298 185 59 700 189 67 202 91 605 349 229 743 874
0 1 49 407 440 319
473 701 111
472 701
41 838 447
476
475
323 219 397 669
344 68 294 391 617 268 300 462 315 722 245 439 248 185 59 63
480
29 479
159 325 326 136 777 271 631 88 605 126 127
546 101 198 638 300 302 819 249 570 59 286
577 934 302 631 216
298 111 466 150 152 219 189 94
67 874 562 660 341 404 153 351
647 877 338 884 599 315 348 351
451 260 294 391 168 358 108 332 185
164 165 254
490
489 239
492 757
491 757
248 731 541 6
59 438
59
801 226 136 852 88 89 351
197 198 305 249 59 699
59 455
462 181 422
582 298 619 234 302 112 626 404 91 92 605
512 219 156 791
448 201 145 146 561 316
98 41 42 211 276 760 59 152
194 467 175
243 659 622
396 334
325 742 295 136 617 584 970 251 285 158 509 126 286
41 98 794 327
68 325 517 295 584 297 702 300 507 59 285 126 286
281 283 311
33 114 115 411
219 501 791
321 546 387 196 198 669 235 299 78 174 629 59 541 638
515 359 649 715 54 55 959
514 323 616 168 202 619 402 219 796
517 198
516 101 742 198 136 300 655 528 315 307 374 285 59 509 158 922
903 519 652 720 340
776 341 518 903
544 313 98 314
224 739 103 201 887 124 223
371 242 435 84
41
59 750
752 526 927
536 52 525
312 41 929
418 195 517 198 168 136 234 629 374 59 126
418 530 197 198
418 196 197 198 711 462 529 341 535
532 965
531 965
59 534
59 533 149
582 202 619 394 462 530 857 796
526
456 398 168
320 103 144 443 125
131 132 683 460 84 247 152
76 77 337 182 183
513 387 391 272 275 669 286 294 168 427 306 184 59 315 451 323 198 202 80 354 228 613 108 493 238 248 379 382
59 84 543
99 100 132 938 84 444 542
98 520 41 309 314
59 198
321 482 513 101 198 197 300 206 370 723 249 59 285 63
128 294 168 202 689 470 189 349
425 59
424 49 11 15
769 178 179 430
552 825 724 84
194 551 435 724 84 185
236 59 60 149
200
198 338 340 570 315 348 351
199 59 6 7
201 41 177 146 283 124
289 198 351 235 80 571 59 95
560
59 189 559
201 145 146 502 316
865 485 592 150 59
41 98 124 223
312 41 838
139
567
566
569
568
651 397 656 150 286 298 555 300 315 59 195 198 338 211 599 219 95 96 351 482 234 245 638
289 59 389 558
41 98 573
581 102 423 842 594 851 658 572
26 219 175
41 145 316
162 163
483 790 216 126 315 286 95
219 338 760 59 348
96 175
41 98
573
394 397 302 305 500 916 535 59
127
325 326 136 435 507 59 509 126 286
368
11
588
587
98 125
657 226 860 591
701 590
672 226 593 562 339 883 150 348
592
573
234 219
41 98
465
227 341 766 181
387 486 251 338 570 59
601
600
96 59 221 235
323 68 294 168 202 331 397 398 275 184 185 379 220 189 126
454
404 790 150 422 294 168 298 181 439 185 705 202 460 722 341 470 91 92 349 481 111 112 626 500 127
41 98
219
609 59
608 78
611
610
59
802 195 451 614 315 348 541
195 613 299 844 315
98
515
325 742 478 136 59 202 101 462 180 245 631 185 126 507 734 63
3 129 130 107
515 426 202 394 92 882 500 535 796
696 281 41
219
505 243
393 211 725 373 152 153 59 156 94
625
624 980
225 422 200 168 298 271 500 150 632 89 92 605 127
226 628 709
627 431
513 260 422 168 528 185 92
152 59 84 373
481 483 742 136 617 180
89 626
302
444 59 100
362
637
636
513 482 195 26 321 387 78 307 981 25 570 59 286
41 924 389
41 98
668 389 966 390 284
176 316 222
41 98
115 52
1 71 10 11 12 464 49 50 90
893 647
646 486
674 354 710 723 286
354 514 195 299 819 54 55 891
160 281 463 41
68 325 198 136 298 299 268 462 152 570 59 349 286
518 720 340 341 799 219 831
224 103 201 41 177 146 145 120 443 124 223
96 195 197 249 351
517 158 766
570 59 395
590 294
98 811 573
505 243
150 227 485 422
982 662
661
281
309 310
11
266 190
674 101 457 106 789 284 415
641
477 513 219 379 541
430
97 314
673 226 225 325 168 298 592 156 339 852 348
672
354 101 679 648 59 106 300 206 370 723 819 667 415
676
41 675
678
915 677
674 101 457 300 206 302 151 59
160 218
682
681 59
152 539 84
685
684
687
686
11 437
547 715
219 948 879
133 175
281 41
800 298 206
59
219
41 177 620 421
698
697
497 59
470 366
806 591 946 472 473
59 509
704 979 389
289 703
112 706 92 605
705
321 235 206 370 307 855 59
978 219
226 227 298 627 150 89
198 648 80 59 285 415
903 712 530 219 796
711
112 326
715
514 295 935 714 273 689
717
371 307 59 716
885 719
718
652 357 518
59
605 59 189 439 91 92 349 478
674 546 648 306 59
551 552 236 761 59
59 623
928 185 68 294
728 249
727
41 98
33 4 5 8 779 51 52 214 441
59 493 7
153 59 460
59 348 382 151
617 898 325 294
736 797 325
354 451 323 325 136 808 298 265 332 749 428 245 150 344 735
219
249
521 177
741
976 740
517 198 617 202 315 180 631 507 349
294 298 400 401 821 470
238
876 391
178 226
391
411
736 219 348 136
258 66 59 524
358
849 525
289 754
753
904 41 345
41 98
491 492 310
222
98
578 59 503
724
64 65
283
122 11 208 282 765
832 764
655 180 598 88 127
768 219
219 767
550
171 172
98
773
772
281
41
519
481 271
185 59 299 54
33 266 730 925 927
281
313 443 125
783
782
785
784
98 177 283 124 223
34 437 190
789
59 788 667
200 577 605 127
512 219 501
219
217 71
508
258
515 619 535 711
439 394 348 735
96 371 95
652 340
152 693
136 297 265 332 496
613
59
805
804
701 807
806
736 960 226 298 339 852 219
810
809 859
658
266
814
813
816
815
219
368
674 482 198 649 300
851 143
299 54 743
231
824
823
551 231
162
201
363 829
828
67 219 298 997
652
765
289 59
835
834
837
836
41 474 564
281
841
840
41 573
116
845 614
844
11
297 158 126 159
41
752
873 347
961 820 573
672 226 808 298 496 344
59 252
898 325 391 54 185
707 963
59
202 535
186 11
810
590
98
863
862
89 418 339 289
562
867
866
329
429
289
59
367
850 347 895
294 973 485 470
224
745
486
305 219 289
690
232
266 949
619
592
219 348 486
718
390
521 314
320 360 912 146 120 443 124 125
890
889
649 59
893
892 646
895
873 894
289
932 454
854 734
381
392
52 53
67
219 519 518 711
281 755
466
313
936 908
907
910
909
166
888 320 360
370 974 206
41
678
582
211
219
920 226
226 429 919
11
517 445
924
923 639
441 779
283
779 525
726 326
527
281
353 11
897
460
483
715
907
41 958
99 543
41
52 941
940
324
185 405 237
945
944
701
283
690
881
219
108
96 338
98
281
341
957
956
176 267 443 937
514
808 226
851
219
855
415
531 532
641 284 975
219
233 109
366
507 126
41
295
874
913
966
741
98
708
200 703 127
625
638
661
321
985
984
987
986
989
988
54
992
991
994
993
996
995
830
